43, 1001
John Shilling
Pacific Northwest National Laboratory
HR-ToF-AMS
HiScale IOP1
1, 1
2016, 04, 25, 2016, 06, 16
0
dat_ams_utc, seconds_past_midnight, time stamp is END of averaging period
11
1, 1, 1, 1, 1, 1, 1, 1, 1, 1, 1
-9999, -9999, -9999, -9999, -9999, -9999, -9999, -9999, -9999, -9999, -9999
Org, ug/M3, organic particulate loading
Org_err, ug/M3, error on organic measurement
NO3, ug/M3, nitrate particulate loading
NO3_err, ug/M3, error on nitrate measurement
SO4, ug/M3, sulfate particulate loading
SO4_err, ug/M3, error on sulfate measurement
NH4, ug/M3, ammonium particulate loading
NH4_err, ug/M3, error on ammonium measurement
Chl, ug/M3, chloride particulate loading
Chl_err, ug/M3, error on chloride measurement
flag, NA, 0=good data on isokinetic inlet, 1= good data on CVI, 2 = zero period on isoK, 3= zero period on CVI, 4=bad data
0
18
PI_CONTACT_INFO: Address: 902 Battelle Blvd, K4-28, Richland, WA 99352, john.shilling@pnnl.gov
PLATFORM: Platform: DOE G-1
LOCATION: Location: Bartlesville, OK
ASSOCIATED_DATA: N/A
INSTRUMENT_INFO: N/A
DATA_INFO: Units:ug/M3 normalized to lab conditions (23C 1 atm pressure)
UNCERTAINTY: N/A
ULOD_FLAG: -7777
ULOD_VALUE: N/A
LLOD_FLAG: -8888
LLOD_VALUE: N/A
DM_CONTACT_INFO: Data Manager:John Shilling, john.shilling@pnnl.gov
PROJECT_INFO: Project Info: 
STIPULATIONS_ON_USE: Use of these data require prior ok from PI.
OTHER_COMMENTS: CE=0.5, see readme for more information on processing
REVISION: R0

dat_ams_utc, Org, Org_err, NO3, NO3_err, SO4, SO4_err, NH4, NH4_err, Chl, Chl_err, flag
57178,-0.15728,0.12735,-0.00017,0.02094,-0.03552,0.02860,0.12285,0.10676,0.01042,0.02027,3.00000
57190,-0.39777,0.13273,-0.00105,0.02177,0.03268,0.02967,0.13611,0.11121,0.02316,0.02173,3.00000
57203,-0.26134,0.13056,-0.03020,0.02179,0.06487,0.02911,0.07697,0.10946,0.03547,0.02103,3.00000
57216,-0.20037,0.12752,-0.04159,0.02173,0.03185,0.02918,0.10521,0.10739,-0.00495,0.02081,3.00000
57229,-0.22471,0.13225,0.00846,0.02189,0.00419,0.02966,0.03360,0.11112,0.00159,0.02123,3.00000
57242,-0.10160,0.12796,0.01819,0.02107,0.04311,0.02878,0.07101,0.10729,0.00217,0.02106,3.00000
57254,-0.08288,0.13243,0.01275,0.02206,-0.03019,0.03025,0.23662,0.11132,-0.00411,0.02148,3.00000
57267,-0.30668,0.13188,0.00749,0.02184,-0.01850,0.02966,0.27268,0.10983,-0.00232,0.02123,3.00000
57279,-0.03263,0.13286,-0.02047,0.02176,0.01556,0.03007,-0.05724,0.11117,-0.02368,0.02188,3.00000
57292,0.02982,0.13095,-0.01386,0.02147,-0.00876,0.02981,-0.12311,0.10982,-0.01394,0.02172,3.00000
57304,-0.35954,0.13331,0.01370,0.02139,0.05299,0.02997,-0.07780,0.11126,-0.01218,0.02176,3.00000
57317,-0.25309,0.13160,0.00026,0.02175,0.02837,0.02969,0.03287,0.11004,-0.00537,0.02074,3.00000
57330,-0.32710,0.12885,0.03925,0.02143,-0.00739,0.02905,-0.03404,0.10773,-0.01269,0.02114,3.00000
57342,-0.16145,0.13119,-0.00544,0.02220,0.00112,0.02964,-0.03553,0.10987,-0.03165,0.02097,3.00000
57355,-0.33238,0.12852,-0.01474,0.02130,0.02853,0.02940,0.06796,0.10773,-0.00142,0.02077,3.00000
57367,-0.19116,0.13100,-0.02607,0.02189,0.01596,0.02957,0.08897,0.10979,0.02590,0.02088,3.00000
57380,-0.00069,0.13040,-0.00619,0.02140,-0.03816,0.02964,-0.17794,0.10978,-0.02197,0.02030,3.00000
57392,-0.56075,0.13100,-0.01280,0.02181,0.03697,0.02975,-0.03259,0.11024,0.01734,0.02093,3.00000
57405,-0.21073,0.13104,-0.04953,0.02164,0.00633,0.02920,0.00648,0.11031,-0.00914,0.02113,3.00000
57417,0.12067,0.13275,0.00619,0.02178,-0.03826,0.02996,-0.07942,0.11159,0.01611,0.02153,3.00000
57430,-0.19104,0.12827,-0.00213,0.02113,-0.04148,0.02880,0.06479,0.10805,-0.03854,0.02057,3.00000
57443,0.03729,0.12835,-0.01295,0.02123,-0.02696,0.02920,-0.08246,0.10797,-0.00756,0.02065,3.00000
57456,-0.06415,0.13111,-0.00793,0.02186,-0.02628,0.03001,-0.03098,0.11018,-0.01699,0.02213,3.00000
57468,0.11890,0.13466,-0.03153,0.02271,-0.00104,0.03083,0.27574,0.11187,0.02777,0.02168,3.00000
57481,0.02073,0.13153,-0.00348,0.02181,-0.02869,0.02987,0.04458,0.11027,-0.02063,0.02147,3.00000
57493,-0.30259,0.13188,0.02341,0.02163,0.05644,0.03024,-0.04285,0.10976,-0.02105,0.02090,3.00000
57506,-0.10396,0.13090,-0.02733,0.02170,0.05730,0.03011,0.08339,0.11008,0.01610,0.02024,3.00000
57518,-0.22436,0.13103,0.00956,0.02139,0.08493,0.02982,0.07557,0.11011,-0.01175,0.02113,3.00000
57531,-0.07020,0.13316,-0.01561,0.02233,0.04808,0.03038,-0.01470,0.11222,-0.00167,0.02132,3.00000
57543,-0.20073,0.13186,-0.01842,0.02179,0.00486,0.03010,0.12172,0.11086,-0.01232,0.02102,3.00000
57556,-0.36375,0.12862,0.00646,0.02104,-0.02208,0.02900,-0.10136,0.10895,0.00110,0.02119,3.00000
57569,-0.10786,0.12784,0.00936,0.02112,-0.02312,0.02882,0.02789,0.10857,-0.03625,0.01985,3.00000
57582,-0.13635,0.12678,-0.02199,0.02049,0.01516,0.02840,0.20098,0.10754,0.03536,0.02034,3.00000
57595,-0.03499,0.12690,-0.02263,0.02052,-0.01295,0.02845,0.16743,0.10754,0.01621,0.02030,3.00000
57608,0.04568,0.12686,-0.00015,0.02103,0.02347,0.02831,0.15803,0.10751,0.00067,0.02000,3.00000
57621,-0.19242,0.12626,0.00778,0.02044,-0.02768,0.02814,-0.01693,0.10737,0.01714,0.02078,3.00000
57633,-0.21654,0.12601,-0.01958,0.02081,0.00809,0.02839,0.10868,0.10770,0.01376,0.02080,3.00000
57646,-0.25545,0.12626,-0.01280,0.02033,0.03655,0.02804,0.01948,0.10781,-0.00467,0.01975,3.00000
57659,-0.15999,0.12749,-0.03373,0.02058,-0.01880,0.02876,0.14009,0.10880,-0.01493,0.02011,3.00000
57672,0.05585,0.12580,-0.03402,0.02074,-0.01321,0.02835,-0.11796,0.10767,-0.00587,0.01979,3.00000
57684,-0.21709,0.13027,-0.00722,0.02162,0.00267,0.02908,0.00402,0.11192,-0.00306,0.02070,3.00000
57697,-0.29650,0.12840,0.01075,0.02075,-0.00405,0.02883,0.24884,0.11004,-0.00121,0.02068,3.00000
57709,0.06450,0.12931,0.01633,0.02143,-0.00387,0.02902,-0.06785,0.11158,-0.01218,0.02047,3.00000
57722,-0.13615,0.12786,0.02090,0.02077,-0.01500,0.02854,0.09979,0.10995,0.02279,0.01965,3.00000
57734,-0.27977,0.12952,-0.01259,0.02095,0.00021,0.02930,0.06393,0.11152,0.02372,0.02048,3.00000
57747,0.12346,0.12727,0.00348,0.02123,0.01629,0.02871,0.17934,0.11008,0.00330,0.01993,3.00000
57759,-0.25276,0.12926,-0.01106,0.02087,0.00996,0.02881,-0.16050,0.11178,-0.02139,0.02114,3.00000
57772,-0.15355,0.12740,0.00601,0.02081,0.00343,0.02847,0.05412,0.10978,-0.03633,0.02028,3.00000
57784,-0.26616,0.12895,-0.00421,0.02121,-0.00226,0.02900,-0.03488,0.11170,0.01920,0.02058,3.00000
57797,-0.25230,0.12703,-0.01353,0.02099,0.02639,0.02814,0.14562,0.10977,0.00315,0.02016,3.00000
57809,-0.29482,0.12721,-0.00458,0.02051,0.01357,0.02878,0.12959,0.10985,0.02067,0.02029,3.00000
57822,-0.11740,0.12717,-0.02999,0.02070,-0.01516,0.02874,-0.09119,0.10978,-0.00377,0.02020,3.00000
57834,-0.23561,0.12745,0.02004,0.02119,-0.01691,0.02838,0.19882,0.11042,0.02202,0.02017,3.00000
57847,-0.55654,0.12804,-0.07794,0.02167,-0.03358,0.02887,0.12775,0.11007,0.00297,0.02049,3.00000
57859,-0.17866,0.12880,0.03135,0.02091,0.00064,0.02921,-0.03814,0.11181,-0.00786,0.02097,3.00000
57872,1.61436,0.12770,0.28213,0.02272,0.91897,0.03650,0.32706,0.10879,0.00677,0.02008,0.00000
57885,2.23835,0.13195,0.21905,0.02330,1.18572,0.04065,0.48392,0.11143,0.01982,0.01988,0.00000
57897,2.26571,0.13482,0.26589,0.02398,1.22233,0.04086,0.56438,0.11297,-0.01722,0.02100,0.00000
57910,1.88058,0.13269,0.30253,0.02409,1.26220,0.04158,0.47864,0.11155,-0.01455,0.02000,0.00000
57922,2.13467,0.13376,0.32333,0.02376,1.26424,0.04087,0.66162,0.11308,-0.01750,0.02053,0.00000
57935,2.24342,0.13298,0.29716,0.02382,1.32585,0.04174,0.76296,0.11283,0.00647,0.02136,0.00000
57948,2.26993,0.12893,0.31789,0.02367,1.23827,0.04013,0.53549,0.10889,0.00676,0.01996,0.00000
57961,2.17751,0.12862,0.30529,0.02330,1.20725,0.04092,0.64172,0.10819,0.03581,0.02010,0.00000
57973,2.34347,0.13307,0.33106,0.02386,1.25557,0.04127,0.40235,0.11266,-0.01166,0.02090,0.00000
57986,2.37180,0.13203,0.32168,0.02377,1.24869,0.04180,0.56628,0.11128,-0.00937,0.02168,0.00000
57998,2.46976,0.13394,0.39755,0.02415,1.23708,0.04083,0.74748,0.11256,0.05029,0.02051,0.00000
58011,2.85958,0.13200,0.29160,0.02373,1.09562,0.04102,0.37369,0.11133,-0.00320,0.02031,0.00000
58023,3.34949,0.13506,0.44844,0.02502,1.32801,0.04237,0.46331,0.11271,0.03010,0.02067,0.00000
58036,3.43015,0.13554,0.46821,0.02495,1.24740,0.04213,0.69837,0.11323,0.02574,0.02124,0.00000
58049,2.39048,0.13025,0.32523,0.02371,1.19616,0.04063,0.38895,0.10954,-0.00566,0.02014,0.00000
58062,2.20049,0.12996,0.31040,0.02284,1.33954,0.04120,0.44803,0.10967,0.00313,0.02035,0.00000
58074,2.56545,0.13193,0.28469,0.02366,1.30707,0.04246,0.52843,0.11141,-0.00630,0.02028,0.00000
58087,1.87240,0.13119,0.19879,0.02282,1.30031,0.04183,0.40158,0.11123,-0.00691,0.02003,0.00000
58099,2.70016,0.13415,0.32640,0.02427,1.36436,0.04329,0.63868,0.11321,0.03849,0.02074,0.00000
58112,2.50800,0.13438,0.30021,0.02393,1.24558,0.04168,0.53798,0.11317,0.01986,0.02089,0.00000
58124,2.15750,0.13241,0.34388,0.02428,1.26499,0.04269,0.53571,0.11197,0.00564,0.02062,0.00000
58137,2.44274,0.13207,0.19827,0.02315,1.20427,0.04230,0.59682,0.11160,0.02006,0.02065,0.00000
58149,2.30225,0.13486,0.34491,0.02427,1.38181,0.04299,0.53891,0.11333,0.01820,0.02099,0.00000
58162,2.14260,0.13491,0.30757,0.02391,1.27295,0.04346,0.44294,0.11224,-0.01182,0.02157,0.00000
58174,2.42172,0.13583,0.31781,0.02456,1.41844,0.04343,0.69992,0.11374,0.02145,0.02140,0.00000
58187,2.21918,0.13421,0.24692,0.02416,1.30884,0.04403,0.40782,0.11211,0.03559,0.02116,0.00000
58200,2.15899,0.13538,0.36775,0.02452,1.36898,0.04329,0.51088,0.11339,-0.01732,0.02184,0.00000
58212,2.29779,0.13424,0.24449,0.02399,1.20801,0.04314,0.53655,0.11196,-0.00188,0.02083,0.00000
58224,2.02149,0.13339,0.28942,0.02420,1.26577,0.04295,0.54227,0.11208,0.02079,0.02092,0.00000
58237,2.28627,0.13560,0.24419,0.02465,1.63923,0.04468,0.68784,0.11350,0.00781,0.02130,0.00000
58250,2.50805,0.13427,0.26105,0.02347,1.42624,0.04417,0.75410,0.11166,-0.04043,0.02114,0.00000
58262,2.02031,0.13303,0.25761,0.02366,1.18799,0.04290,0.72570,0.11202,0.00679,0.02077,0.00000
58274,2.38678,0.13308,0.25265,0.02380,1.42237,0.04407,0.45783,0.11193,0.01335,0.02117,0.00000
58287,1.98569,0.13532,0.24380,0.02332,1.27634,0.04300,0.75849,0.11359,0.01109,0.02089,0.00000
58300,1.93427,0.13303,0.22928,0.02362,1.30204,0.04312,0.61901,0.11216,0.04279,0.02151,0.00000
58312,2.08649,0.13369,0.22497,0.02314,1.40917,0.04373,0.50264,0.11224,-0.00483,0.02113,0.00000
58324,2.26136,0.13310,0.29559,0.02386,1.37693,0.04409,0.66094,0.11254,-0.01638,0.02124,0.00000
58337,2.29266,0.13361,0.19829,0.02278,1.51009,0.04345,0.33670,0.11395,-0.00556,0.02121,0.00000
58350,2.04569,0.13269,0.16120,0.02306,1.41761,0.04375,0.77965,0.11240,-0.01170,0.02013,0.00000
58362,2.17411,0.13247,0.20977,0.02297,1.34249,0.04335,0.58874,0.11223,0.03785,0.01979,0.00000
58375,2.20583,0.13446,0.19009,0.02383,1.35614,0.04278,0.48254,0.11387,0.00884,0.02051,0.00000
58387,2.15191,0.13317,0.21979,0.02310,1.31369,0.04361,0.50514,0.11247,0.01041,0.02023,0.00000
58399,1.97514,0.13284,0.15444,0.02328,1.50033,0.04483,0.56001,0.11258,-0.00899,0.02027,0.00000
58412,1.96996,0.13484,0.21729,0.02354,1.31350,0.04289,0.46837,0.11431,-0.04293,0.02065,0.00000
58424,2.24938,0.13313,0.27127,0.02325,1.40936,0.04366,0.56474,0.11296,-0.00144,0.02118,0.00000
58437,1.87245,0.13363,0.27132,0.02344,1.48932,0.04457,0.62178,0.11305,0.05650,0.02036,0.00000
58450,2.11576,0.13437,0.27721,0.02385,1.32516,0.04250,0.69364,0.11489,0.03276,0.02107,0.00000
58462,2.33460,0.13516,0.31258,0.02392,1.55500,0.04450,0.75607,0.11472,0.02065,0.02048,0.00000
58475,2.36145,0.13050,0.32790,0.02281,1.25119,0.04255,0.57670,0.11088,0.00349,0.02022,0.00000
58487,2.25244,0.13294,0.25813,0.02387,1.34580,0.04406,0.67942,0.11258,0.00070,0.02026,0.00000
58500,2.17233,0.13244,0.28446,0.02388,1.27885,0.04332,0.58956,0.11265,-0.00308,0.02084,0.00000
58512,2.29296,0.13246,0.26052,0.02385,1.29391,0.04325,0.57089,0.11240,0.02457,0.02108,0.00000
58525,2.19175,0.12952,0.26206,0.02306,1.37204,0.04235,0.60956,0.11024,0.01603,0.01973,0.00000
58538,2.08099,0.13195,0.28385,0.02388,1.44740,0.04360,0.65865,0.11244,0.01650,0.02029,0.00000
58550,2.25239,0.13266,0.31760,0.02366,1.35129,0.04340,0.52164,0.11249,0.03186,0.02047,0.00000
58563,2.50543,0.13237,0.27458,0.02333,1.28690,0.04274,0.34964,0.11240,-0.00774,0.01930,0.00000
58575,2.40705,0.13507,0.32010,0.02447,1.39558,0.04313,0.75214,0.11444,0.01395,0.02090,0.00000
58588,4.27659,0.13548,0.26705,0.02378,1.51377,0.04499,0.64697,0.11277,0.02731,0.01982,0.00000
58600,1.93583,0.13414,0.24018,0.02330,1.38075,0.04334,0.45603,0.11424,-0.00801,0.02081,0.00000
58613,2.16343,0.12959,0.26604,0.02265,1.46166,0.04291,0.70207,0.11041,-0.02897,0.02037,0.00000
58626,1.96192,0.12989,0.19143,0.02260,1.44549,0.04324,0.95411,0.11042,0.01900,0.02024,0.00000
58639,2.09193,0.13250,0.27387,0.02325,1.60593,0.04546,0.75701,0.11252,-0.00827,0.02086,0.00000
58651,1.82590,0.13416,0.22674,0.02319,1.54241,0.04477,0.29675,0.11403,0.01026,0.02012,0.00000
58664,1.85221,0.13287,0.24490,0.02358,1.67447,0.04557,0.81903,0.11263,-0.02992,0.02039,0.00000
58676,1.74551,0.13219,0.23224,0.02374,1.61351,0.04551,0.73746,0.11251,-0.00996,0.02054,0.00000
58689,1.97462,0.13317,0.18053,0.02328,1.49828,0.04495,0.56119,0.11249,-0.01315,0.02026,0.00000
58701,1.89560,0.13276,0.14626,0.02283,1.45391,0.04461,0.76724,0.11286,0.02363,0.02004,0.00000
58714,2.06051,0.13355,0.21749,0.02343,1.49928,0.04505,0.54141,0.11445,-0.02034,0.02116,0.00000
58726,1.89785,0.13314,0.20177,0.02354,1.57928,0.04594,0.65123,0.11317,0.01683,0.02065,0.00000
58739,2.29869,0.13407,0.24562,0.02356,1.40719,0.04441,0.46860,0.11458,0.03041,0.02044,0.00000
58752,1.85538,0.13392,0.19101,0.02314,1.61078,0.04596,0.54049,0.11467,-0.05598,0.02106,0.00000
58765,1.99341,0.12982,0.20061,0.02194,1.76016,0.04527,0.43362,0.11085,0.00088,0.01973,0.00000
58777,2.13997,0.13429,0.22426,0.02367,1.69245,0.04569,0.88510,0.11469,0.01429,0.02032,0.00000
58790,2.02975,0.12954,0.23311,0.02226,1.60959,0.04417,0.59739,0.11105,0.00755,0.01930,0.00000
58802,1.97014,0.13260,0.23149,0.02317,1.69319,0.04677,0.86334,0.11355,-0.03087,0.02049,0.00000
58815,1.92443,0.13306,0.20489,0.02351,1.75427,0.04627,0.50222,0.11373,0.00094,0.02010,0.00000
58827,1.79256,0.13234,0.16188,0.02262,1.70336,0.04604,0.82251,0.11352,-0.00086,0.02013,0.00000
58840,2.08540,0.12991,0.18292,0.02216,1.95800,0.04619,0.54258,0.11127,0.01211,0.02008,0.00000
58853,2.06987,0.13268,0.16272,0.02208,1.66110,0.04622,0.40451,0.11325,-0.04883,0.01975,0.00000
58865,2.09103,0.13329,0.16156,0.02316,1.59042,0.04498,0.53438,0.11450,-0.00923,0.02013,0.00000
58878,1.75207,0.13152,0.16047,0.02355,1.72842,0.04656,0.55190,0.11330,-0.01057,0.02037,0.00000
58890,2.45662,0.13220,0.21397,0.02274,1.88981,0.04739,0.70325,0.11318,0.01655,0.01985,0.00000
58903,1.66707,0.12858,0.15885,0.02241,1.60715,0.04486,0.43208,0.11022,-0.00106,0.01941,0.00000
58916,2.29451,0.12872,0.19002,0.02240,1.86090,0.04557,0.50390,0.11084,0.02473,0.01971,0.00000
58929,2.18425,0.13234,0.18522,0.02326,1.89470,0.04704,1.07064,0.11374,-0.00374,0.02008,0.00000
58941,2.22295,0.13431,0.21035,0.02270,1.95422,0.04770,0.55150,0.11584,0.02659,0.02018,0.00000
58954,1.98649,0.13176,0.17756,0.02239,1.81135,0.04576,0.77833,0.11376,-0.01399,0.01997,0.00000
58967,2.10152,0.13033,0.14563,0.02274,1.76140,0.04595,0.52970,0.11229,0.03644,0.01935,0.00000
58980,2.07405,0.13067,0.21148,0.02268,1.68482,0.04563,0.79301,0.11254,-0.01835,0.02032,0.00000
58993,2.27554,0.13043,0.24794,0.02255,1.92917,0.04632,0.76978,0.11209,-0.00469,0.01979,0.00000
59005,2.27629,0.13292,0.29792,0.02330,1.97501,0.04787,0.75803,0.11414,-0.00553,0.01989,0.00000
59018,2.12319,0.13408,0.23534,0.02356,1.84634,0.04684,0.62893,0.11522,-0.01241,0.01998,0.00000
59030,2.30732,0.13417,0.25539,0.02342,1.68963,0.04623,0.69537,0.11548,-0.02683,0.02076,0.00000
59043,2.19800,0.12943,0.27808,0.02307,1.87557,0.04653,0.67567,0.11167,0.01181,0.01957,0.00000
59056,2.39207,0.13268,0.22354,0.02331,1.95733,0.04785,0.83512,0.11391,0.02836,0.01941,0.00000
59068,2.30935,0.13258,0.26344,0.02320,1.88251,0.04806,0.82448,0.11392,-0.01271,0.02047,0.00000
59081,2.25906,0.13333,0.23682,0.02442,1.88091,0.04739,1.00204,0.11418,-0.00907,0.02036,0.00000
59093,2.37351,0.13446,0.31483,0.02390,1.85967,0.04706,0.23017,0.11584,-0.02486,0.02107,0.00000
59106,2.31430,0.13334,0.30112,0.02390,1.79967,0.04809,0.75893,0.11433,0.01184,0.02029,0.00000
59118,2.33378,0.13545,0.30471,0.02464,1.79942,0.04696,0.78971,0.11592,0.02068,0.02045,0.00000
59131,2.38826,0.13065,0.37427,0.02424,1.75283,0.04565,0.66070,0.11216,0.02026,0.01960,0.00000
59144,2.34060,0.13090,0.32573,0.02432,1.80210,0.04623,0.62577,0.11233,0.01673,0.02018,0.00000
59157,2.39715,0.13475,0.36501,0.02426,1.83470,0.04754,0.98471,0.11601,0.00541,0.02046,0.00000
59169,2.67243,0.13338,0.36149,0.02459,1.97021,0.04850,0.74168,0.11457,0.01971,0.01945,0.00000
59182,2.31418,0.12971,0.36792,0.02412,1.70615,0.04568,0.80999,0.11112,-0.02859,0.01952,0.00000
59195,2.82754,0.13308,0.34347,0.02410,1.71971,0.04678,0.72736,0.11443,0.00529,0.01942,0.00000
59207,2.44470,0.13442,0.28577,0.02422,1.71548,0.04646,0.65606,0.11589,0.03745,0.02020,0.00000
59220,2.64868,0.13296,0.38243,0.02477,1.88182,0.04769,0.95923,0.11429,0.01371,0.02081,0.00000
59232,2.77316,0.13468,0.49041,0.02539,1.76933,0.04758,0.87335,0.11609,-0.00384,0.02046,0.00000
59245,2.58337,0.13354,0.38956,0.02471,1.82869,0.04796,0.63504,0.11451,-0.00201,0.02053,0.00000
59257,2.44057,0.13456,0.20188,0.02415,1.83354,0.04719,0.97043,0.11596,-0.01705,0.02023,0.00000
59270,2.33303,0.13327,0.21201,0.02324,1.56899,0.04657,0.40091,0.11486,0.02212,0.02033,0.00000
59282,2.46274,0.13494,0.20206,0.02378,1.79600,0.04733,0.59441,0.11622,0.00805,0.02028,0.00000
59295,2.32471,0.13487,0.21338,0.02328,1.75010,0.04717,0.81695,0.11608,-0.01291,0.02002,0.00000
59308,2.45015,0.13333,0.13945,0.02333,1.69422,0.04706,0.65157,0.11443,0.01954,0.02094,0.00000
59320,2.20831,0.13464,0.18176,0.02339,1.86128,0.04870,0.68476,0.11455,-0.03375,0.02099,0.00000
59332,2.16714,0.13375,0.24536,0.02314,1.85619,0.04826,0.69148,0.11496,0.01008,0.02041,0.00000
59345,2.30596,0.13501,0.18128,0.02319,1.63245,0.04641,0.61204,0.11629,0.00251,0.02096,0.00000
59358,2.36811,0.13413,0.19167,0.02336,1.79937,0.04833,0.82071,0.11482,-0.02474,0.02100,0.00000
59370,2.01543,0.13322,0.23456,0.02381,1.77678,0.04794,0.44093,0.11473,0.03638,0.02043,0.00000
59382,2.28977,0.13372,0.26631,0.02403,1.90703,0.04783,0.76725,0.11522,-0.00068,0.01942,0.00000
59395,2.17018,0.13374,0.24743,0.02367,1.75527,0.04757,0.62413,0.11499,-0.00100,0.01985,0.00000
59407,2.54533,0.13368,0.28201,0.02430,1.81711,0.04789,0.62564,0.11474,-0.01210,0.02043,0.00000
59420,2.40138,0.13456,0.24840,0.02412,1.81159,0.04731,0.79297,0.11642,0.00740,0.02002,0.00000
59432,2.16060,0.13352,0.22693,0.02329,1.66413,0.04687,0.58064,0.11466,-0.01066,0.02018,0.00000
59445,2.49265,0.13355,0.23237,0.02328,1.83106,0.04796,0.75815,0.11475,-0.02735,0.02043,0.00000
59457,2.28637,0.13315,0.24215,0.02370,1.81002,0.04747,0.59888,0.11504,0.03006,0.01976,0.00000
59470,2.48610,0.13429,0.26091,0.02345,1.71883,0.04651,0.54076,0.11656,-0.04731,0.02080,0.00000
59482,2.05369,0.13332,0.28299,0.02329,1.66510,0.04686,0.85001,0.11482,0.05017,0.01983,0.00000
59495,2.33270,0.13333,0.18770,0.02305,1.82090,0.04756,0.70341,0.11483,-0.01347,0.02012,0.00000
59507,2.20389,0.13347,0.17485,0.02304,1.71843,0.04704,0.61573,0.11464,0.02748,0.02017,0.00000
59520,2.63638,0.13539,0.27725,0.02383,1.91058,0.04801,0.83027,0.11647,-0.00436,0.02082,0.00000
59532,2.42410,0.13402,0.23885,0.02371,1.78483,0.04816,0.63796,0.11517,0.02116,0.01998,0.00000
59545,2.25290,0.13367,0.20003,0.02343,1.83325,0.04780,0.68694,0.11489,0.00058,0.02005,0.00000
59558,2.18408,0.13500,0.24226,0.02345,1.72503,0.04705,0.77817,0.11662,0.02960,0.02017,0.00000
59570,2.52947,0.13318,0.18586,0.02338,1.88110,0.04786,0.82555,0.11473,-0.00458,0.01993,0.00000
59582,2.50814,0.13387,0.30854,0.02362,1.77545,0.04727,0.66376,0.11484,-0.00752,0.01985,0.00000
59595,2.72066,0.13595,0.22767,0.02432,1.86816,0.04793,0.47324,0.11659,0.02676,0.02006,0.00000
59608,2.60810,0.13430,0.25658,0.02387,1.83280,0.04825,0.72618,0.11538,-0.01425,0.02023,0.00000
59620,2.75788,0.13473,0.34402,0.02431,1.81397,0.04827,0.50239,0.11566,-0.03114,0.02037,0.00000
59632,2.33493,0.13497,0.37879,0.02441,1.89093,0.04882,0.81416,0.11616,0.00807,0.02023,0.00000
59645,2.83635,0.13634,0.49587,0.02569,1.74281,0.04697,0.88424,0.11794,0.03169,0.02019,0.00000
59658,2.61963,0.13200,0.53446,0.02533,1.74366,0.04607,0.61112,0.11418,0.04350,0.01977,0.00000
59670,3.89729,0.13712,1.55029,0.03323,1.65576,0.04732,1.03197,0.11651,-0.00075,0.02087,0.00000
59683,3.05200,0.13524,0.81855,0.02833,1.97897,0.04960,0.69756,0.11674,0.04751,0.02054,0.00000
59695,3.71776,0.13588,1.12449,0.03103,1.45686,0.04684,0.72305,0.11603,0.00302,0.02056,0.00000
59708,0.34221,0.13237,0.16976,0.02360,0.27553,0.03705,0.14464,0.11643,0.00162,0.02056,1.00000
59720,1.50368,0.13121,0.29913,0.02425,0.72190,0.03903,0.48738,0.11459,0.08841,0.02056,1.00000
59733,0.50920,0.13122,0.17049,0.02300,0.37706,0.03632,0.16020,0.11556,-0.01686,0.02019,1.00000
59746,0.09423,0.12790,0.02057,0.02204,0.04730,0.03369,0.03257,0.11368,-0.00356,0.01976,1.00000
59758,-0.19715,0.12748,0.02599,0.02095,0.05318,0.03224,0.03525,0.11371,0.01403,0.02033,1.00000
59771,0.19706,0.12562,0.10909,0.02128,0.16414,0.03244,0.20498,0.11188,0.00576,0.01961,1.00000
59784,0.66513,0.13136,0.21884,0.02326,0.43432,0.03697,0.19690,0.11608,0.00683,0.02035,1.00000
59797,-0.16432,0.12559,0.03123,0.02082,0.06683,0.03182,0.16095,0.11219,-0.01582,0.01952,1.00000
59809,-0.25576,0.12779,0.02651,0.02080,0.01431,0.03164,-0.11531,0.11428,0.02407,0.01975,1.00000
59822,0.80849,0.12828,0.26884,0.02245,0.50589,0.03509,0.46265,0.11418,-0.00339,0.01935,1.00000
59835,0.34212,0.13040,0.17620,0.02318,0.23011,0.03448,0.08895,0.11607,-0.02846,0.02067,1.00000
59848,1.61311,0.12718,0.34839,0.02375,0.85321,0.03749,0.41313,0.11240,-0.01587,0.01955,1.00000
59860,0.44583,0.12875,0.12762,0.02259,0.24605,0.03435,0.11132,0.11416,0.00446,0.01973,1.00000
59873,0.30512,0.13053,0.06666,0.02200,0.13442,0.03320,-0.02465,0.11590,0.02234,0.02018,1.00000
59885,-0.39365,0.12735,0.00992,0.02077,0.01954,0.03116,0.05077,0.11452,-0.05721,0.02005,1.00000
59898,0.06332,0.12867,0.06783,0.02164,0.07155,0.03230,-0.17145,0.11613,0.02525,0.01993,1.00000
59910,0.76506,0.13017,0.23392,0.02308,0.56657,0.03531,0.46774,0.11616,0.00592,0.02013,1.00000
59923,1.34668,0.12866,0.42730,0.02426,0.82564,0.03731,0.54352,0.11395,-0.00207,0.01979,1.00000
59936,0.83316,0.12852,0.19306,0.02279,0.31666,0.03529,0.26469,0.11457,0.00421,0.02032,1.00000
59948,0.42323,0.12952,0.12663,0.02208,0.21933,0.03405,-0.04526,0.11626,-0.00864,0.02022,1.00000
59961,0.57159,0.12811,0.23403,0.02342,0.15739,0.03335,0.13217,0.11437,-0.02361,0.01993,1.00000
59973,-0.06367,0.12723,0.02118,0.02094,-0.04365,0.03143,-0.12311,0.11470,-0.02215,0.02032,1.00000
59986,0.20575,0.12861,-0.02326,0.02107,0.03749,0.03159,-0.10283,0.11621,-0.01937,0.01961,1.00000
59998,0.01769,0.12893,0.02439,0.02105,0.03203,0.03160,-0.15127,0.11597,-0.00700,0.01945,1.00000
60011,-0.02976,0.12936,0.01183,0.02187,0.10028,0.03234,0.09440,0.11629,0.00637,0.02024,1.00000
60023,-0.12650,0.12749,0.02287,0.02113,0.05484,0.03174,-0.14452,0.11474,0.06172,0.01934,1.00000
60036,-0.26070,0.12978,0.05006,0.02087,0.00609,0.03133,-0.25902,0.11627,-0.01425,0.01970,1.00000
60048,-0.22810,0.12805,0.01561,0.02096,-0.02649,0.03079,-0.08891,0.11509,0.00102,0.01957,1.00000
60061,0.07494,0.12771,-0.03402,0.02094,-0.04388,0.03105,0.12135,0.11495,-0.01987,0.01921,1.00000
60074,-0.22032,0.12962,0.03889,0.02146,0.04782,0.03148,-0.01277,0.11666,0.00741,0.02005,1.00000
60086,-0.11263,0.12957,0.04766,0.02125,0.12195,0.03133,-0.21694,0.11689,-0.00335,0.02018,1.00000
60099,-0.32048,0.12434,0.01932,0.02086,0.00033,0.03018,0.50382,0.11279,0.02643,0.01867,1.00000
60111,-0.25029,0.12723,-0.02011,0.02094,-0.03149,0.02972,-0.33127,0.11489,0.01447,0.01997,1.00000
60124,0.55851,0.12894,0.14100,0.02232,0.28148,0.03279,-0.01617,0.11511,-0.00697,0.01995,1.00000
60136,0.07000,0.12914,0.14290,0.02214,0.15417,0.03290,0.15902,0.11513,-0.00003,0.01996,1.00000
60149,4.08005,0.13455,1.32102,0.03083,1.79702,0.04503,1.14933,0.11754,0.00555,0.02071,1.00000
60161,0.16882,0.12827,0.07920,0.02207,0.06183,0.03336,-0.05968,0.11512,-0.00294,0.01926,1.00000
60174,0.21994,0.12529,0.11831,0.02216,0.18130,0.03207,0.02302,0.11299,0.02034,0.01909,1.00000
60187,0.10713,0.12561,0.04024,0.02080,0.04565,0.03098,0.18088,0.11299,-0.00165,0.01863,1.00000
60200,0.21310,0.12790,0.06067,0.02155,0.10230,0.03198,-0.05195,0.11524,0.03142,0.01959,1.00000
60213,0.58969,0.12993,0.42920,0.02453,0.47411,0.03528,0.34885,0.11698,0.01476,0.01990,1.00000
60225,1.08133,0.12918,0.37413,0.02403,0.53521,0.03655,0.32470,0.11542,0.06868,0.01921,1.00000
60238,0.13715,0.12977,0.16720,0.02265,0.19269,0.03342,-0.00517,0.11657,-0.01898,0.02014,1.00000
60250,0.27151,0.13046,0.12934,0.02233,0.21289,0.03367,0.21365,0.11669,-0.02446,0.02034,1.00000
60263,0.00063,0.12882,0.08867,0.02203,0.13224,0.03258,0.11247,0.11554,-0.00757,0.02032,1.00000
60276,1.86778,0.13221,0.25770,0.02355,0.32713,0.03504,0.42633,0.11776,0.02329,0.01973,4.00000
60288,5.09452,0.13601,0.95503,0.02876,1.88411,0.04468,1.11660,0.11859,0.04033,0.02110,4.00000
60301,18.24502,0.14888,1.95962,0.03604,2.94192,0.05529,1.68278,0.11800,0.06330,0.02296,4.00000
60314,14.99374,0.14595,0.71127,0.02776,0.78659,0.04192,0.55157,0.11897,0.04755,0.02298,4.00000
60326,9.82772,0.14183,0.36384,0.02527,0.39740,0.03848,0.42591,0.11730,-0.01180,0.02421,4.00000
60339,0.49289,0.12949,0.03818,0.02183,0.55584,0.03660,0.08094,0.11473,0.00063,0.02245,0.00000
60351,0.41283,0.13041,0.02196,0.02190,0.48372,0.03646,0.17745,0.11632,-0.00342,0.02160,0.00000
60364,0.44560,0.12682,0.01780,0.02090,0.56750,0.03559,0.26036,0.11387,-0.02642,0.02083,0.00000
60377,0.22531,0.13097,0.00263,0.02183,0.42878,0.03529,0.18722,0.11798,-0.02734,0.02130,0.00000
60389,0.24051,0.13091,0.00527,0.02192,0.31590,0.03490,0.10684,0.11776,-0.04210,0.02113,0.00000
60402,0.42912,0.13196,0.03245,0.02222,0.30735,0.03488,0.12078,0.11830,-0.00667,0.02051,0.00000
60415,0.33954,0.12843,0.00559,0.02115,0.33375,0.03378,-0.21141,0.11524,0.01971,0.02093,0.00000
60428,0.52601,0.13296,-0.03900,0.02172,0.35059,0.03527,0.15680,0.11947,0.04137,0.01996,0.00000
60441,0.31232,0.12912,-0.03361,0.02093,0.25694,0.03313,0.30479,0.11598,0.01331,0.02063,0.00000
60453,0.27122,0.13187,0.01127,0.02149,0.21028,0.03420,0.16156,0.11873,-0.03706,0.02096,0.00000
60466,0.12382,0.13191,0.04219,0.02198,0.25020,0.03428,0.20299,0.11887,0.03309,0.02084,0.00000
60479,0.35634,0.13437,0.02769,0.02224,0.36559,0.03487,0.15659,0.12073,0.03344,0.02097,0.00000
60491,0.11645,0.13166,0.03540,0.02128,0.27214,0.03397,0.09571,0.11843,0.00067,0.02070,0.00000
60504,0.51851,0.13331,0.02590,0.02163,0.27834,0.03475,0.01599,0.11995,-0.00391,0.02134,0.00000
60516,0.34070,0.13293,0.00359,0.02207,0.16688,0.03411,-0.01715,0.11969,0.02851,0.02086,0.00000
60529,0.52821,0.13119,-0.00110,0.02144,0.28206,0.03353,0.17481,0.11792,0.01705,0.02036,0.00000
60541,0.23026,0.12947,0.00045,0.02170,0.28012,0.03340,-0.04351,0.11751,0.00967,0.01995,0.00000
60554,0.15773,0.12940,0.00772,0.02148,0.28637,0.03327,0.05252,0.11704,-0.01215,0.02011,0.00000
60567,0.14531,0.13115,0.01801,0.02179,0.31658,0.03365,0.13169,0.11909,0.00672,0.01977,0.00000
60579,0.39645,0.13091,0.02416,0.02202,0.33734,0.03392,-0.04596,0.11890,-0.00378,0.01979,0.00000
60592,0.33234,0.12893,-0.01986,0.02150,0.25929,0.03379,-0.01482,0.11736,0.02707,0.01978,0.00000
60604,0.58303,0.12862,0.02588,0.02114,0.22412,0.03249,0.00557,0.11665,-0.00869,0.02008,0.00000
60617,0.42702,0.12829,0.01886,0.02138,0.14408,0.03203,0.17185,0.11688,0.02179,0.01913,0.00000
60629,0.28104,0.12959,0.04876,0.02101,0.20788,0.03254,0.08572,0.11797,-0.02550,0.01998,0.00000
60642,0.30597,0.12699,0.00751,0.02074,0.21199,0.03143,-0.04157,0.11596,-0.02586,0.01923,0.00000
60655,0.60181,0.12537,0.01692,0.02092,0.29153,0.03197,-0.11419,0.11390,0.00511,0.01891,0.00000
60668,0.60148,0.12419,0.01277,0.02048,0.24007,0.03169,-0.02432,0.11372,0.01282,0.01857,0.00000
60681,0.36475,0.12340,0.06153,0.02044,0.19873,0.03123,-0.01531,0.11277,-0.01453,0.01866,0.00000
60694,0.36663,0.12438,0.01413,0.02020,0.25740,0.03162,0.22914,0.11315,-0.01010,0.01883,0.00000
60706,0.44517,0.12454,0.01726,0.02058,0.33600,0.03246,0.04921,0.11353,0.00235,0.01924,0.00000
60720,0.55967,0.12490,0.03367,0.02034,0.41746,0.03367,0.13998,0.11375,0.02182,0.01922,0.00000
60732,0.53511,0.12425,0.01644,0.02080,0.35611,0.03328,0.17962,0.11346,0.01909,0.01915,0.00000
60745,0.37509,0.12414,0.00365,0.02066,0.34549,0.03272,0.36018,0.11345,0.00458,0.01939,0.00000
60758,0.30929,0.12479,0.10012,0.02149,0.38569,0.03360,0.08224,0.11344,0.04835,0.01931,0.00000
60771,0.29268,0.12456,-0.03229,0.02051,0.31932,0.03275,0.11220,0.11339,-0.01101,0.01900,0.00000
60784,0.33684,0.12390,0.04349,0.02041,0.21093,0.03161,0.08085,0.11340,-0.00575,0.01905,0.00000
60796,0.32220,0.12865,0.07273,0.02127,0.27441,0.03292,0.09220,0.11804,0.00239,0.01916,0.00000
60809,0.35714,0.12941,0.06037,0.02158,0.35891,0.03435,0.54603,0.11651,0.02397,0.01980,0.00000
60821,0.30684,0.12959,0.03042,0.02192,0.29795,0.03435,0.05934,0.11651,-0.02153,0.02035,0.00000
60834,0.15953,0.13298,0.04856,0.02177,0.36031,0.03540,-0.11274,0.11824,-0.00644,0.02092,0.00000
60846,0.40644,0.13158,0.04830,0.02175,0.36430,0.03577,0.12374,0.11671,0.01781,0.02078,0.00000
60859,0.61118,0.13029,0.03630,0.02186,0.31541,0.03474,0.00960,0.11668,-0.01803,0.02051,0.00000
60872,0.35238,0.13103,-0.00235,0.02196,0.30147,0.03419,0.01396,0.11822,-0.03805,0.02068,0.00000
60884,0.40168,0.12788,0.00982,0.02150,0.31061,0.03347,0.07826,0.11658,0.00038,0.01932,0.00000
60897,0.35910,0.13019,0.01590,0.02101,0.33671,0.03370,0.03282,0.11826,0.00075,0.01901,0.00000
60910,0.40307,0.12646,-0.02533,0.02131,0.20451,0.03250,-0.08246,0.11459,0.00593,0.01972,0.00000
60923,0.56509,0.13035,0.01245,0.02165,0.23514,0.03357,0.12514,0.11845,-0.01972,0.02024,0.00000
60935,0.44403,0.12865,0.09626,0.02183,0.23005,0.03339,0.10286,0.11649,0.00199,0.02033,0.00000
60948,0.21882,0.12867,0.04417,0.02152,0.21823,0.03307,0.07759,0.11654,-0.03428,0.01972,0.00000
60960,0.24819,0.12818,-0.00489,0.02117,0.22292,0.03248,-0.00706,0.11685,0.01014,0.01921,0.00000
60973,0.71510,0.12909,-0.00180,0.02136,0.31434,0.03215,0.18956,0.11827,-0.00497,0.01941,0.00000
60986,0.43575,0.12760,-0.00640,0.02096,0.18513,0.03201,0.16168,0.11683,0.00087,0.01902,0.00000
60998,0.39176,0.12814,-0.00570,0.02159,0.17249,0.03209,0.24627,0.11724,0.02320,0.01938,0.00000
61011,0.36596,0.12908,-0.02266,0.02158,0.28656,0.03193,0.13468,0.11849,-0.01148,0.01927,0.00000
61024,0.54988,0.12930,0.00687,0.02120,0.20981,0.03188,-0.20246,0.11887,-0.00302,0.01936,0.00000
61036,0.38604,0.12978,0.09097,0.02128,0.36522,0.03297,0.24644,0.11848,0.02178,0.01915,0.00000
61049,0.23469,0.12958,0.00397,0.02128,0.22831,0.03282,0.05432,0.11879,0.00887,0.01941,0.00000
61062,0.14438,0.12812,0.02586,0.02120,0.21764,0.03235,-0.13194,0.11737,0.00048,0.01909,0.00000
61074,1.81270,0.12906,0.22441,0.02247,0.59497,0.03585,0.42170,0.11714,0.01136,0.01952,0.00000
61087,0.24721,0.12949,0.05252,0.02125,0.34084,0.03334,0.05195,0.11863,-0.02665,0.01941,0.00000
61100,0.54815,0.12933,0.01289,0.02187,0.24012,0.03237,0.08864,0.11873,0.01876,0.01959,0.00000
61112,0.26737,0.12747,0.04475,0.02119,0.30417,0.03268,-0.09352,0.11697,-0.01411,0.01977,0.00000
61125,0.43963,0.12762,0.04374,0.02125,0.24574,0.03273,0.08672,0.11667,-0.02685,0.01945,0.00000
61137,0.37144,0.12964,-0.00882,0.02157,0.25821,0.03283,0.22206,0.11898,0.01371,0.01991,0.00000
61150,0.43568,0.12834,0.05028,0.02108,0.18505,0.03247,0.08051,0.11688,0.03040,0.01967,0.00000
61163,0.43222,0.12778,0.01038,0.02110,0.21368,0.03207,0.04210,0.11681,-0.01958,0.01961,0.00000
61175,0.42495,0.12952,0.05603,0.02103,0.35774,0.03265,0.05379,0.11872,0.00771,0.01950,0.00000
61188,0.69165,0.12980,-0.00517,0.02190,0.26160,0.03286,-0.03725,0.11867,0.00676,0.01965,0.00000
61200,0.67508,0.12694,0.04108,0.02086,0.29436,0.03291,-0.15845,0.11687,-0.01718,0.01935,0.00000
61213,0.80320,0.12759,0.05801,0.02101,0.26064,0.03193,0.06299,0.11680,0.00362,0.01935,0.00000
61226,0.63169,0.12901,0.07029,0.02106,0.20469,0.03262,-0.04236,0.11855,-0.02647,0.01989,0.00000
61238,0.32951,0.12719,0.02374,0.02148,0.30963,0.03240,-0.05802,0.11717,-0.00832,0.01874,0.00000
61251,0.22190,0.12719,-0.04176,0.02126,0.23221,0.03171,0.01874,0.11725,0.00428,0.01845,0.00000
61263,0.34782,0.12735,0.00141,0.02093,0.28238,0.03215,0.32121,0.11699,0.01632,0.01900,0.00000
61276,0.62831,0.12902,0.01831,0.02095,0.22798,0.03230,0.13279,0.11889,-0.00777,0.01979,0.00000
61289,0.30220,0.12957,0.05594,0.02144,0.24080,0.03264,0.03645,0.11881,0.04099,0.01913,0.00000
61301,0.36561,0.12843,0.03204,0.02101,0.36870,0.03297,0.22301,0.11839,0.02718,0.01894,0.00000
61314,0.38922,0.12679,-0.00775,0.02110,0.34014,0.03262,0.11987,0.11739,0.00996,0.01921,0.00000
61327,0.58654,0.12873,0.00874,0.02142,0.19860,0.03222,0.15873,0.11908,0.03480,0.01946,0.00000
61339,0.80875,0.12954,0.01319,0.02186,0.44288,0.03425,0.08818,0.11888,-0.01262,0.01940,0.00000
61352,1.20543,0.13020,0.20689,0.02209,0.51106,0.03544,0.21283,0.11910,-0.01204,0.01965,0.00000
61365,0.27930,0.12973,0.03783,0.02146,0.28956,0.03275,0.17930,0.11915,-0.02034,0.01913,0.00000
61377,0.71233,0.12915,-0.00255,0.02174,0.36018,0.03322,0.33724,0.11923,0.01854,0.01976,0.00000
61390,0.18497,0.12857,0.02341,0.02141,0.18796,0.03252,0.20746,0.11809,0.00464,0.01893,0.00000
61402,0.80139,0.13042,0.15900,0.02333,0.42086,0.03412,0.16051,0.11973,-0.01351,0.01989,0.00000
61415,0.72971,0.12787,0.07804,0.02237,0.34674,0.03357,0.18390,0.11752,-0.00889,0.01908,0.00000
61428,0.71751,0.12730,0.04783,0.02099,0.27237,0.03265,-0.07243,0.11724,-0.02039,0.01950,0.00000
61440,0.47859,0.12865,0.08251,0.02162,0.25094,0.03304,0.03172,0.11850,0.02345,0.01934,0.00000
61453,0.33146,0.12782,-0.00237,0.02135,0.28852,0.03299,-0.01037,0.11702,-0.02242,0.01897,0.00000
61466,0.25905,0.12764,0.05877,0.02121,0.19454,0.03263,-0.24234,0.11722,-0.00957,0.01991,0.00000
61479,0.40647,0.12941,0.02342,0.02148,0.33340,0.03371,-0.09466,0.11900,-0.04625,0.01989,0.00000
61491,0.47442,0.12740,0.01310,0.02127,0.14076,0.03201,-0.02320,0.11727,-0.00635,0.01883,0.00000
61504,0.33178,0.12887,-0.04532,0.02184,0.27228,0.03344,0.04366,0.11912,-0.00029,0.01942,0.00000
61516,0.51194,0.13050,0.03430,0.02151,0.37746,0.03443,0.22106,0.11925,0.05028,0.01963,0.00000
61529,0.58235,0.12775,0.04450,0.02152,0.25893,0.03304,-0.03057,0.11747,-0.02435,0.01942,0.00000
61541,1.53124,0.12797,0.17134,0.02241,0.58804,0.03517,0.22448,0.11709,0.00597,0.01840,4.00000
61554,42.31240,0.15782,1.69277,0.03223,0.26086,0.03622,0.36164,0.11461,0.17049,0.02179,4.00000
61567,27.16523,0.15533,1.15346,0.03109,0.63723,0.04017,0.37660,0.11715,0.07177,0.02570,4.00000
61579,5.25208,0.13352,0.27671,0.02438,0.21931,0.03369,0.33282,0.11641,0.00143,0.02296,4.00000
61592,0.64652,0.12715,0.07047,0.02107,0.00947,0.03039,0.11214,0.11629,-0.06270,0.02242,1.00000
61604,0.26512,0.12838,0.03868,0.02148,0.02036,0.03048,-0.06213,0.11830,-0.00749,0.02129,1.00000
61617,-0.13130,0.12758,-0.02154,0.02168,0.04472,0.03019,-0.06745,0.11866,0.01517,0.02037,1.00000
61630,-0.14690,0.12748,0.00589,0.02115,0.01236,0.02984,-0.03952,0.11872,-0.02353,0.02071,1.00000
61642,1.82337,0.12760,0.05763,0.02119,0.01639,0.02991,0.02636,0.11725,0.01324,0.01998,4.00000
61655,55.29897,0.17434,1.37605,0.03209,1.63569,0.04849,1.04063,0.11831,0.20908,0.02510,4.00000
61668,4.38650,0.13531,0.27935,0.02402,0.39464,0.03649,0.22481,0.11760,-0.01943,0.02427,4.00000
61680,0.37771,0.12828,0.03686,0.02196,0.07622,0.03140,0.11651,0.11734,-0.03726,0.02272,1.00000
61693,-0.07329,0.12709,0.01924,0.02091,-0.02207,0.03013,-0.03300,0.11709,-0.05554,0.02157,1.00000
61706,-0.08614,0.12888,-0.01755,0.02179,-0.01961,0.03055,0.01591,0.11879,0.00158,0.02154,1.00000
61718,-0.20425,0.12797,-0.03882,0.02103,-0.03264,0.03051,-0.14737,0.11906,-0.02422,0.02039,1.00000
61731,0.18052,0.12588,0.09118,0.02160,-0.01573,0.02999,0.08209,0.11711,0.00276,0.02058,1.00000
61743,0.01187,0.12779,0.02803,0.02162,0.07427,0.03033,-0.01275,0.11912,0.00493,0.02109,1.00000
61756,-0.23762,0.12715,0.02854,0.02140,0.02139,0.02969,0.02690,0.11910,0.00517,0.02043,1.00000
61769,0.52782,0.12420,0.07704,0.02168,0.15764,0.02993,0.34550,0.11522,0.01874,0.01998,1.00000
61781,-0.12671,0.12500,0.03612,0.02087,-0.04656,0.02923,0.00529,0.11695,-0.01666,0.02032,1.00000
61794,0.56286,0.12819,0.13928,0.02202,0.20829,0.03165,0.01634,0.11922,-0.02545,0.02056,1.00000
61806,0.57244,0.12534,0.02697,0.02135,-0.00327,0.02965,0.08007,0.11695,0.01002,0.01979,1.00000
61819,-0.01013,0.12190,0.03883,0.01993,0.03090,0.02821,0.11395,0.11432,0.01649,0.01902,1.00000
61832,-0.24568,0.12663,-0.04682,0.02092,0.03659,0.02905,-0.01393,0.11843,-0.00488,0.01958,1.00000
61845,1.81454,0.12873,0.31660,0.02367,0.49940,0.03383,-0.02750,0.11885,0.01337,0.02022,1.00000
61858,0.44150,0.12746,0.10646,0.02197,0.08940,0.03036,0.02816,0.11884,0.01045,0.02054,1.00000
61870,-0.35453,0.12676,0.00387,0.02110,0.02350,0.02975,-0.01426,0.11865,-0.01968,0.02010,1.00000
61883,-0.12953,0.12253,0.01060,0.02050,0.00749,0.02874,0.01798,0.11506,-0.00613,0.01965,1.00000
61895,3.08231,0.12810,0.23115,0.02331,0.27033,0.03265,0.27487,0.11752,0.00330,0.01955,1.00000
61908,-0.21094,0.12723,0.01538,0.02104,-0.02738,0.02980,0.19110,0.11924,0.00617,0.01992,1.00000
61920,4.01419,0.12942,0.43116,0.02495,0.69801,0.03572,0.46724,0.11809,0.00692,0.02031,1.00000
61933,1.40324,0.12894,0.28380,0.02397,0.47793,0.03456,0.40319,0.11887,0.02427,0.01967,1.00000
61946,4.62220,0.13136,0.64735,0.02663,1.12423,0.04024,0.61320,0.11783,-0.00282,0.02032,1.00000
61958,0.23224,0.12576,0.06431,0.02176,0.06213,0.03112,0.14240,0.11733,0.00727,0.02031,1.00000
61970,0.15653,0.12494,0.06322,0.02125,0.00871,0.03020,0.05293,0.11746,0.01881,0.01971,1.00000
61983,-0.15191,0.12645,0.03393,0.02069,0.00184,0.02988,-0.05816,0.11885,0.02299,0.01897,1.00000
61996,-0.07758,0.12199,0.03045,0.02050,0.04344,0.02849,0.07325,0.11490,-0.00207,0.01890,1.00000
62008,-0.28721,0.12394,0.00070,0.02079,0.03759,0.02891,-0.05537,0.11714,0.01628,0.01916,1.00000
62021,-0.01535,0.12473,-0.01583,0.02081,0.08528,0.02915,-0.10453,0.11753,0.00825,0.01928,1.00000
62033,-0.30351,0.12447,-0.03188,0.02103,0.01904,0.02876,0.21905,0.11746,0.02687,0.01945,1.00000
62046,1.07190,0.12801,0.30856,0.02310,0.43131,0.03298,0.51720,0.11903,-0.00573,0.01924,1.00000
62058,1.30733,0.12660,0.37445,0.02430,0.38703,0.03370,0.16303,0.11761,0.01398,0.01883,1.00000
62071,-0.25377,0.12593,0.01315,0.02120,0.04793,0.02973,0.14285,0.11912,0.00390,0.01987,1.00000
62084,1.08692,0.12791,0.24518,0.02361,0.45159,0.03361,0.21236,0.11930,0.00017,0.01986,1.00000
62097,1.96448,0.12534,0.53701,0.02469,0.85390,0.03618,0.48112,0.11544,-0.02615,0.01930,1.00000
62109,1.67100,0.12852,0.34422,0.02432,0.64237,0.03642,0.38652,0.11931,0.02952,0.01940,1.00000
62122,-0.32552,0.12521,0.02217,0.02099,0.00801,0.02971,-0.20578,0.11744,0.03060,0.01964,1.00000
62134,0.06346,0.12593,0.03967,0.02121,0.05295,0.03021,0.09565,0.11893,0.04406,0.01904,1.00000
62147,0.02910,0.12644,0.02705,0.02120,0.19208,0.03082,0.10827,0.11897,-0.02480,0.02009,1.00000
62159,0.55566,0.12683,0.15022,0.02275,0.30870,0.03246,-0.01619,0.11931,0.01686,0.01958,1.00000
62172,0.24260,0.12259,0.09281,0.02125,0.15010,0.03061,0.28043,0.11508,-0.02899,0.01869,1.00000
62185,-0.27590,0.12207,0.07994,0.02031,0.00458,0.02872,0.37257,0.11512,-0.02944,0.01855,1.00000
62197,-0.10768,0.12375,0.01419,0.02062,-0.00147,0.02920,-0.02101,0.11738,-0.03675,0.01880,1.00000
62210,-0.19921,0.12414,0.00875,0.02075,0.02426,0.02882,0.01890,0.11749,0.00737,0.01921,1.00000
62222,-0.20944,0.12412,-0.02331,0.02071,-0.03746,0.02875,-0.01275,0.11771,0.02194,0.01939,1.00000
62235,-0.18329,0.12585,-0.02614,0.02097,-0.03108,0.02927,0.10530,0.11919,0.03343,0.01916,1.00000
62247,-0.28113,0.12608,0.00381,0.02070,0.02103,0.02933,0.12117,0.11915,0.01866,0.01861,1.00000
62260,-0.21410,0.12596,0.02948,0.02102,-0.00763,0.02944,-0.16451,0.11937,-0.02041,0.01951,1.00000
62273,0.05979,0.12619,-0.02125,0.02132,-0.00365,0.02995,0.12782,0.11956,0.04432,0.01958,1.00000
62286,0.07563,0.12213,0.05283,0.02080,0.09608,0.02963,0.29377,0.11518,-0.00827,0.01864,1.00000
62298,1.75740,0.12925,0.42259,0.02467,0.89457,0.03722,0.39747,0.11956,0.02959,0.02023,1.00000
62311,3.33685,0.13150,0.90037,0.02826,1.92806,0.04535,1.11121,0.11995,0.02247,0.02044,1.00000
62323,0.45911,0.12713,0.16511,0.02268,0.27090,0.03409,-0.12345,0.11939,0.01529,0.02066,1.00000
62336,-0.00497,0.12438,-0.00704,0.02103,0.06076,0.03028,-0.04913,0.11764,-0.01405,0.01942,1.00000
62348,-0.25678,0.12405,-0.00991,0.02068,0.02469,0.02963,0.10628,0.11753,0.00037,0.01948,1.00000
62361,0.14367,0.12483,0.16297,0.02145,0.22659,0.03127,0.25287,0.11749,-0.00743,0.01933,1.00000
62374,4.17631,0.12764,1.04898,0.02844,2.13573,0.04502,1.20809,0.11625,0.04199,0.01895,1.00000
62387,0.58659,0.12342,0.16728,0.02287,0.39665,0.03454,0.12066,0.11538,0.00300,0.01904,1.00000
62399,2.18734,0.12815,0.64196,0.02590,1.27964,0.04031,0.79248,0.11788,0.00645,0.01989,1.00000
62411,2.40409,0.12814,0.66046,0.02634,1.38120,0.04281,0.75504,0.11819,0.04066,0.01962,1.00000
62424,1.09799,0.12651,0.34427,0.02362,0.66516,0.03651,0.41443,0.11784,0.02626,0.01971,1.00000
62436,-0.04418,0.12431,0.05460,0.02130,0.17772,0.03137,0.10313,0.11745,0.01355,0.01945,1.00000
62449,1.98130,0.12689,0.57454,0.02548,1.07439,0.03894,0.62593,0.11786,0.02610,0.01960,1.00000
62462,1.92743,0.12931,0.55176,0.02537,1.11723,0.04032,0.65468,0.11956,0.02412,0.01990,1.00000
62474,0.66047,0.12467,0.12459,0.02250,0.11261,0.03156,0.03968,0.11742,-0.00994,0.01901,1.00000
62486,0.78348,0.12500,0.20175,0.02315,0.31771,0.03289,0.47751,0.11751,0.03319,0.01883,1.00000
62499,-0.14746,0.12588,0.05754,0.02134,0.08419,0.03132,0.09911,0.11925,-0.02425,0.02017,1.00000
62512,2.99597,0.12864,0.83132,0.02741,1.65882,0.04350,0.83654,0.11838,0.02857,0.01957,1.00000
62524,1.21946,0.12632,0.32984,0.02408,0.72199,0.03747,0.57872,0.11764,-0.00557,0.01953,1.00000
62536,-0.40300,0.12463,0.03770,0.02122,0.09825,0.03137,0.30546,0.11776,-0.01808,0.01941,1.00000
62549,1.70549,0.12762,0.59996,0.02530,1.21239,0.04048,0.85379,0.11825,0.00228,0.01971,1.00000
62561,2.27867,0.12778,0.57842,0.02581,1.30706,0.04172,0.65795,0.11812,0.03210,0.01974,1.00000
62574,0.51786,0.12507,0.19339,0.02284,0.44797,0.03538,0.20834,0.11783,0.02866,0.01957,1.00000
62587,1.12727,0.12371,0.36674,0.02380,0.71056,0.03587,0.48953,0.11601,-0.00300,0.01861,1.00000
62599,1.02066,0.12702,0.34050,0.02357,0.73297,0.03760,0.51474,0.11960,0.01474,0.01842,1.00000
62612,1.13588,0.12560,0.29604,0.02380,0.73879,0.03745,0.33371,0.11804,-0.02737,0.01970,1.00000
62624,0.09466,0.12588,0.01874,0.02130,0.17344,0.03158,0.10382,0.11922,0.01129,0.01914,1.00000
62637,1.02986,0.12523,0.37976,0.02358,0.67124,0.03595,0.54132,0.11800,-0.00659,0.01894,1.00000
62650,0.49768,0.12346,0.15947,0.02158,0.29563,0.03286,0.12593,0.11776,0.00922,0.01914,1.00000
62662,1.07786,0.12495,0.26984,0.02351,0.73487,0.03600,0.21641,0.11774,0.00001,0.01917,1.00000
62675,1.53600,0.12628,0.45392,0.02470,1.04151,0.03962,0.62424,0.11795,0.03202,0.01926,1.00000
62687,1.17758,0.12705,0.30455,0.02369,0.66204,0.03587,0.31957,0.11920,-0.00789,0.01908,1.00000
62700,0.08407,0.12464,0.16963,0.02223,0.25188,0.03259,0.23481,0.11864,0.03103,0.01910,1.00000
62712,-0.15286,0.12202,-0.01358,0.02068,-0.00661,0.02941,0.11029,0.11636,0.00518,0.01869,1.00000
62725,-0.18162,0.12169,-0.02135,0.02081,-0.04078,0.02904,0.05890,0.11655,0.04525,0.01902,1.00000
62737,-0.18687,0.12165,0.01903,0.02039,0.01182,0.02854,0.03496,0.11681,0.01121,0.01835,1.00000
62750,0.11012,0.12362,0.07891,0.02115,0.07284,0.03028,-0.10401,0.11694,0.02302,0.01936,0.00000
62762,2.95365,0.12897,0.52654,0.02495,2.13614,0.04530,0.88632,0.12003,-0.01226,0.01971,0.00000
62775,3.71857,0.13069,0.50801,0.02495,1.88467,0.04569,0.70300,0.12087,0.00452,0.01954,0.00000
62788,3.10896,0.12863,0.45514,0.02530,1.95921,0.04687,0.89548,0.11908,-0.00642,0.01911,0.00000
62800,2.67186,0.12800,0.57315,0.02495,1.85754,0.04456,0.61746,0.11867,0.01366,0.01967,0.00000
62813,2.44954,0.12763,0.34468,0.02359,1.88955,0.04486,0.85021,0.11858,-0.01573,0.01959,0.00000
62826,2.86908,0.12520,0.35013,0.02365,1.94588,0.04647,0.56979,0.11579,0.01169,0.01852,0.00000
62839,2.79358,0.12511,0.38234,0.02424,2.06635,0.04716,0.65642,0.11560,0.03426,0.01829,0.00000
62852,2.66347,0.12567,0.45698,0.02405,1.80527,0.04579,0.91154,0.11573,0.02787,0.01869,0.00000
62864,2.68360,0.12742,0.42957,0.02420,1.69696,0.04507,0.90194,0.11647,-0.00433,0.01985,0.00000
62877,2.30258,0.12583,0.37113,0.02422,1.71179,0.04560,0.88442,0.11554,0.00853,0.01860,0.00000
62890,2.38773,0.12528,0.40019,0.02427,1.90208,0.04669,0.88738,0.11559,0.03764,0.01829,0.00000
62903,2.49825,0.12582,0.36817,0.02342,1.85429,0.04625,0.88636,0.11578,0.00572,0.01853,0.00000
62916,2.45529,0.12492,0.42125,0.02391,1.90111,0.04622,0.74643,0.11573,0.00227,0.01881,0.00000
62928,2.43758,0.12583,0.30435,0.02356,1.88826,0.04575,0.84504,0.11660,0.02344,0.01868,0.00000
62941,2.38428,0.12610,0.38530,0.02389,1.90272,0.04567,1.01364,0.11690,0.02305,0.01848,0.00000
62954,2.46490,0.12506,0.33483,0.02328,1.89718,0.04658,0.74503,0.11581,0.00665,0.01869,0.00000
62967,2.38357,0.12637,0.35286,0.02311,1.81044,0.04615,0.89884,0.11675,-0.01784,0.01907,0.00000
62980,2.86945,0.12612,0.39798,0.02391,2.13639,0.04706,0.76626,0.11696,0.00925,0.01866,0.00000
62992,2.57428,0.12550,0.46369,0.02396,2.00387,0.04629,0.93967,0.11677,0.00740,0.01834,0.00000
63005,2.41015,0.12558,0.40366,0.02361,1.95707,0.04704,0.92109,0.11576,-0.00583,0.01879,0.00000
63018,2.55746,0.12521,0.30575,0.02349,1.84803,0.04603,0.68281,0.11669,0.02540,0.01904,0.00000
63031,2.22535,0.12489,0.36620,0.02402,1.82792,0.04606,0.71983,0.11590,-0.00650,0.01902,0.00000
63044,2.52356,0.12534,0.44990,0.02465,1.92110,0.04700,0.68430,0.11635,0.02241,0.01892,0.00000
63056,2.57420,0.12570,0.41835,0.02394,1.97782,0.04625,0.93675,0.11688,0.01104,0.01846,0.00000
63069,2.24094,0.12480,0.43059,0.02432,1.86999,0.04625,1.16040,0.11592,-0.01976,0.01866,0.00000
63082,2.21840,0.12592,0.33712,0.02324,1.94712,0.04633,0.87850,0.11652,-0.02059,0.01902,0.00000
63095,2.36630,0.12549,0.31434,0.02361,1.76925,0.04640,0.89623,0.11589,0.00824,0.01840,0.00000
63108,2.66089,0.12540,0.46838,0.02431,1.94686,0.04636,0.88259,0.11588,-0.00401,0.01877,0.00000
63120,2.57793,0.12596,0.37798,0.02356,1.98891,0.04757,0.73782,0.11583,0.02025,0.01832,0.00000
63133,2.68241,0.12526,0.46338,0.02399,1.75646,0.04630,0.68719,0.11545,0.03846,0.01850,0.00000
63146,2.74866,0.12527,0.29865,0.02333,1.89436,0.04669,0.95999,0.11587,0.03420,0.01854,0.00000
63159,2.68870,0.12585,0.34305,0.02307,1.89998,0.04595,0.51344,0.11674,0.00139,0.01848,0.00000
63172,2.42562,0.12514,0.50226,0.02457,1.88373,0.04632,0.80934,0.11581,-0.05255,0.01841,0.00000
63185,2.46336,0.12548,0.36691,0.02357,1.79917,0.04528,0.84790,0.11650,0.01187,0.01875,0.00000
63197,2.40641,0.12585,0.44643,0.02448,1.60795,0.04519,0.71551,0.11566,0.00223,0.01824,0.00000
63210,2.47757,0.12529,0.45638,0.02452,1.87123,0.04652,0.74101,0.11592,-0.01539,0.01884,0.00000
63223,2.62421,0.12632,0.49053,0.02431,1.89700,0.04675,0.78319,0.11577,0.01349,0.01807,0.00000
63236,2.89141,0.12546,0.39814,0.02370,1.88141,0.04647,0.80496,0.11572,0.00339,0.01813,0.00000
63249,2.32959,0.12521,0.28969,0.02286,1.62241,0.04554,0.62925,0.11575,0.01482,0.01873,0.00000
63261,2.71350,0.12583,0.36368,0.02375,1.99186,0.04763,0.83626,0.11561,-0.00021,0.01933,0.00000
63274,2.45242,0.12607,0.35201,0.02381,1.77281,0.04542,0.75895,0.11648,0.01682,0.01936,0.00000
63287,2.63816,0.12559,0.41587,0.02425,1.88710,0.04690,0.70629,0.11572,0.02132,0.01821,0.00000
63300,2.53719,0.12644,0.37247,0.02419,1.78787,0.04582,0.89861,0.11693,0.04237,0.01856,0.00000
63313,2.49500,0.12451,0.37654,0.02387,1.80300,0.04588,0.83134,0.11572,-0.00990,0.01805,0.00000
63325,2.38469,0.12537,0.36807,0.02361,1.78471,0.04652,0.75063,0.11577,-0.02486,0.01814,0.00000
63338,2.57535,0.12487,0.44289,0.02454,1.89096,0.04656,0.77995,0.11569,-0.00509,0.01734,0.00000
63351,2.60189,0.12635,0.35968,0.02399,1.81177,0.04625,0.91657,0.11673,-0.00730,0.01839,0.00000
63364,2.66096,0.12585,0.37073,0.02346,1.67424,0.04506,0.77435,0.11701,0.01996,0.01925,0.00000
63377,2.54220,0.12579,0.44382,0.02435,1.46160,0.04498,0.76086,0.11685,0.03171,0.01850,0.00000
63389,2.63935,0.12566,0.43968,0.02414,1.77553,0.04527,0.97865,0.11685,0.00348,0.01884,0.00000
63402,2.50397,0.12560,0.34245,0.02356,1.76732,0.04616,0.73784,0.11598,0.00088,0.01879,0.00000
63415,2.68779,0.12561,0.42756,0.02409,1.75778,0.04527,0.73081,0.11671,0.03207,0.01906,0.00000
63428,2.40900,0.12414,0.33878,0.02289,1.59598,0.04447,0.65918,0.11541,-0.00592,0.01792,0.00000
63441,2.56433,0.12589,0.24060,0.02263,1.71259,0.04461,0.60420,0.11667,0.01181,0.01837,0.00000
63453,2.65401,0.12645,0.30389,0.02245,1.59859,0.04407,0.48781,0.11672,-0.00065,0.01844,0.00000
63466,2.75659,0.12497,0.43871,0.02446,1.52785,0.04472,0.58260,0.11563,-0.00158,0.01876,0.00000
63479,2.51562,0.12540,0.44182,0.02439,1.53265,0.04309,0.73824,0.11662,0.01458,0.01893,0.00000
63492,2.48910,0.12511,0.47016,0.02519,1.35101,0.04308,0.73300,0.11534,0.02743,0.01835,0.00000
63505,2.41552,0.12603,0.38869,0.02391,1.34105,0.04254,0.62238,0.11693,0.02771,0.01926,0.00000
63517,2.74483,0.12611,0.39413,0.02397,1.40930,0.04302,0.86777,0.11678,0.02446,0.01894,0.00000
63530,2.36629,0.12649,0.33164,0.02333,1.46765,0.04357,0.50651,0.11676,-0.01798,0.01900,0.00000
63543,2.80229,0.12588,0.48648,0.02469,1.31782,0.04282,0.79454,0.11597,0.02510,0.01832,0.00000
63556,2.65868,0.12472,0.31329,0.02389,1.27545,0.04259,0.54287,0.11593,-0.05487,0.01849,0.00000
63569,2.71258,0.12572,0.45977,0.02459,1.34261,0.04256,0.62648,0.11691,0.01648,0.01894,0.00000
63581,3.04620,0.12505,0.59336,0.02584,1.34185,0.04312,0.52148,0.11577,0.00823,0.01855,0.00000
63594,2.76143,0.12845,0.45697,0.02451,1.45457,0.04399,0.43966,0.12007,0.00416,0.01853,0.00000
63606,2.62194,0.12664,0.47483,0.02491,1.36980,0.04363,0.79319,0.11830,-0.04074,0.01849,0.00000
63619,2.56992,0.12837,0.40264,0.02372,1.30619,0.04283,0.65731,0.11999,-0.00083,0.01827,0.00000
63631,2.73077,0.12707,0.38511,0.02359,1.37001,0.04363,0.55603,0.11829,0.00559,0.01935,0.00000
63644,2.50629,0.12626,0.25127,0.02329,1.27137,0.04268,0.80256,0.11796,0.01205,0.01893,0.00000
63656,2.65952,0.12752,0.48968,0.02471,1.15065,0.04195,0.57023,0.11981,0.01306,0.01804,0.00000
63669,2.71232,0.12807,0.39174,0.02474,1.20338,0.04229,0.57461,0.12005,0.03423,0.01840,0.00000
63682,2.46081,0.12710,0.34096,0.02405,1.18354,0.04245,0.81243,0.11883,0.01878,0.01845,0.00000
63694,2.41484,0.12698,0.41833,0.02437,1.10572,0.04159,0.61921,0.11878,-0.03852,0.01839,0.00000
63706,2.19124,0.12853,0.33898,0.02392,1.26944,0.04256,0.48544,0.12006,-0.00362,0.01918,0.00000
63719,2.48259,0.12737,0.26178,0.02303,1.20556,0.04192,0.32427,0.11864,-0.00199,0.01867,0.00000
63732,2.86853,0.12733,0.28293,0.02296,1.15465,0.04229,0.58591,0.11852,-0.01335,0.01893,0.00000
63744,2.27852,0.12684,0.28114,0.02310,1.24019,0.04221,0.52207,0.11825,0.02393,0.01827,0.00000
63757,2.27465,0.12760,0.19888,0.02304,1.04572,0.04067,0.31984,0.12014,-0.01446,0.01850,0.00000
63769,2.17687,0.12803,0.13879,0.02269,1.17204,0.04240,0.60825,0.12045,-0.00306,0.01868,0.00000
63782,2.60361,0.12763,0.19702,0.02273,1.07700,0.04166,0.33518,0.11897,-0.03250,0.01862,0.00000
63794,2.93156,0.12758,0.27916,0.02240,1.23106,0.04189,0.55209,0.11864,0.00455,0.01782,0.00000
63807,2.34863,0.12671,0.18743,0.02207,1.11308,0.04166,0.41410,0.11876,-0.00041,0.01870,0.00000
63819,2.00929,0.12710,0.15828,0.02232,1.24754,0.04196,0.56966,0.11875,-0.02468,0.01770,0.00000
63832,2.18458,0.12632,0.20561,0.02283,1.13563,0.04151,0.65505,0.11824,-0.05808,0.01832,0.00000
63844,2.57424,0.12677,0.25455,0.02291,1.16101,0.04231,0.54555,0.11847,0.00921,0.01844,0.00000
63857,2.50995,0.12769,0.27812,0.02331,1.08703,0.04110,0.46654,0.11977,0.02196,0.01859,0.00000
63869,2.33579,0.12680,0.24127,0.02289,1.15932,0.04183,0.58376,0.11855,0.00176,0.01835,0.00000
63882,2.64543,0.12631,0.27805,0.02254,1.22505,0.04223,0.41245,0.11830,0.03279,0.01823,0.00000
63894,2.59056,0.12775,0.29932,0.02349,1.25859,0.04197,0.77542,0.12012,0.01424,0.01788,0.00000
63907,2.38557,0.12681,0.23986,0.02270,1.23925,0.04287,0.46494,0.11812,0.01201,0.01859,0.00000
63919,2.42746,0.12830,0.21868,0.02291,1.17425,0.04232,0.55039,0.12018,0.00231,0.01907,0.00000
63932,2.51343,0.12673,0.25177,0.02307,1.25535,0.04287,0.36753,0.11850,0.01617,0.01834,0.00000
63944,2.66128,0.12825,0.19909,0.02325,1.37760,0.04292,0.57398,0.12014,-0.00421,0.01997,0.00000
63957,2.53438,0.12833,0.27080,0.02311,1.24680,0.04302,0.54100,0.11998,-0.00160,0.01862,0.00000
63970,2.28023,0.12444,0.26976,0.02282,1.23573,0.04153,0.59704,0.11630,-0.00844,0.01822,0.00000
63983,2.66799,0.12417,0.32651,0.02304,1.32797,0.04223,0.54477,0.11656,0.03987,0.01759,0.00000
63995,2.81324,0.12697,0.26168,0.02348,1.37708,0.04316,0.25135,0.11854,0.00146,0.01854,0.00000
64008,2.60462,0.12779,0.27999,0.02394,1.37274,0.04385,0.72783,0.11885,0.02200,0.01882,0.00000
64021,2.64447,0.12384,0.28396,0.02262,1.58203,0.04332,0.62100,0.11626,-0.01239,0.01843,0.00000
64033,2.40584,0.12572,0.23653,0.02239,1.37745,0.04355,0.43137,0.11852,-0.01394,0.01875,0.00000
64046,2.40767,0.12747,0.24474,0.02254,1.30215,0.04261,0.67865,0.12042,-0.01367,0.01973,0.00000
64058,2.42438,0.12667,0.29439,0.02315,1.48349,0.04446,0.75407,0.11875,0.01793,0.01845,0.00000
64071,2.53422,0.12646,0.20386,0.02276,1.49409,0.04462,0.56657,0.11872,-0.00894,0.01815,0.00000
64083,2.39280,0.12562,0.28315,0.02303,1.46845,0.04416,0.70612,0.11863,-0.02608,0.01859,0.00000
64096,2.54701,0.12745,0.24017,0.02245,1.53873,0.04391,0.63058,0.12038,0.02879,0.01851,0.00000
64108,2.39618,0.12625,0.18674,0.02236,1.63178,0.04538,0.90066,0.11819,-0.01327,0.01841,0.00000
64121,2.81478,0.12675,0.23791,0.02246,1.86966,0.04698,0.53566,0.11836,-0.05320,0.01890,0.00000
64133,2.32397,0.12638,0.15710,0.02228,1.65780,0.04609,0.57689,0.11858,-0.00037,0.01832,0.00000
64146,2.45054,0.12822,0.21432,0.02254,1.74483,0.04588,0.31773,0.12040,-0.01971,0.01905,0.00000
64158,2.49152,0.12593,0.18786,0.02192,1.60197,0.04520,0.68637,0.11863,0.00400,0.01807,0.00000
64171,2.79885,0.12691,0.22710,0.02270,1.89803,0.04737,0.60354,0.11857,0.02032,0.01800,0.00000
64183,2.61172,0.12687,0.22321,0.02261,1.63127,0.04596,0.69063,0.11866,-0.00922,0.01886,0.00000
64196,2.32649,0.12815,0.20106,0.02271,1.79445,0.04603,0.60307,0.12016,0.01554,0.01870,0.00000
64208,2.25470,0.12658,0.24975,0.02302,1.89304,0.04733,0.43813,0.11858,-0.00821,0.01795,0.00000
64221,2.43867,0.12671,0.22033,0.02263,1.77835,0.04641,0.68026,0.11892,0.01295,0.01861,0.00000
64234,2.55591,0.12725,0.16981,0.02295,1.74194,0.04574,0.61158,0.12043,0.02466,0.01910,0.00000
64246,2.54107,0.12655,0.21200,0.02212,1.82652,0.04686,0.43070,0.11862,-0.00462,0.01843,0.00000
64258,2.38303,0.12634,0.15402,0.02231,1.82987,0.04671,0.83479,0.11865,-0.01837,0.01804,0.00000
64271,2.64730,0.12685,0.22070,0.02222,1.69023,0.04635,0.75168,0.11851,-0.01138,0.01817,0.00000
64284,2.58100,0.12784,0.20821,0.02250,1.90648,0.04820,0.79100,0.11858,-0.01001,0.01913,0.00000
64296,2.45281,0.12628,0.21849,0.02230,1.81908,0.04699,0.74389,0.11845,0.01930,0.01819,0.00000
64309,2.54523,0.12402,0.23354,0.02215,1.78730,0.04597,0.75994,0.11649,0.00419,0.01853,0.00000
64321,2.68933,0.12634,0.22702,0.02207,1.68156,0.04718,0.60797,0.11876,-0.01487,0.01825,0.00000
64334,2.49707,0.12554,0.20255,0.02237,1.90425,0.04695,0.70983,0.11849,0.00605,0.01771,0.00000
64346,2.40877,0.12598,0.17344,0.02269,1.73473,0.04601,0.77821,0.12001,0.00150,0.01852,0.00000
64359,2.49416,0.12522,0.24642,0.02288,1.79401,0.04718,0.68354,0.11879,0.02171,0.01790,0.00000
64372,2.34201,0.12690,0.29258,0.02245,1.74687,0.04591,0.63469,0.12003,0.01705,0.01849,0.00000
64384,2.60864,0.12788,0.27385,0.02327,1.99662,0.04834,0.84850,0.12041,0.02946,0.01875,0.00000
64396,2.38248,0.12570,0.28094,0.02291,1.77273,0.04690,0.67145,0.11855,-0.01608,0.01804,0.00000
64409,2.75914,0.12670,0.27188,0.02308,1.85552,0.04727,0.56589,0.11851,-0.04904,0.01842,0.00000
64421,2.59209,0.12639,0.20892,0.02251,1.79732,0.04766,0.44901,0.11897,-0.01888,0.01840,0.00000
64434,2.58255,0.12618,0.14848,0.02239,1.84179,0.04702,0.79382,0.11850,0.03103,0.01830,0.00000
64446,2.43830,0.12649,0.23369,0.02233,1.80167,0.04705,0.52512,0.11825,0.00684,0.01897,0.00000
64459,2.57643,0.12743,0.23050,0.02257,1.96301,0.04748,0.73265,0.11998,0.00280,0.01854,0.00000
64472,2.49473,0.12612,0.19243,0.02273,1.92807,0.04815,0.52249,0.11878,0.03798,0.01887,0.00000
64484,2.36166,0.12492,0.25008,0.02229,1.95902,0.04796,0.58156,0.11876,0.00649,0.01819,0.00000
64496,3.00101,0.12624,0.24795,0.02304,1.90770,0.04754,0.74235,0.11841,0.00234,0.01789,0.00000
64509,2.37906,0.12624,0.22245,0.02252,1.84505,0.04764,0.82509,0.11891,-0.00914,0.01792,0.00000
64522,2.23035,0.12668,0.21722,0.02247,1.72158,0.04682,0.70073,0.11900,0.01259,0.01868,0.00000
64534,2.58690,0.12617,0.19501,0.02246,1.95629,0.04791,0.62919,0.11879,0.01626,0.01850,0.00000
64546,2.12826,0.12601,0.21135,0.02258,1.83934,0.04733,0.49608,0.11854,0.04572,0.01843,0.00000
64559,2.11094,0.12728,0.19129,0.02253,1.78584,0.04637,0.54703,0.12033,-0.01231,0.01837,0.00000
64572,2.40983,0.12312,0.20129,0.02154,1.88830,0.04673,0.80801,0.11633,0.01759,0.01802,0.00000
64585,2.37142,0.12706,0.20661,0.02295,1.98712,0.04895,0.74312,0.11861,0.03205,0.01915,0.00000
64597,2.43213,0.12571,0.21673,0.02267,1.89832,0.04744,0.74058,0.11856,-0.00367,0.01780,0.00000
64610,2.46716,0.12727,0.20689,0.02265,1.97376,0.04825,0.65360,0.11877,0.00103,0.01910,0.00000
64622,2.43967,0.12773,0.23651,0.02260,1.93222,0.04718,0.70186,0.12034,0.00451,0.01887,0.00000
64635,2.41100,0.12788,0.17286,0.02261,1.90032,0.04742,0.67093,0.12047,0.01287,0.01874,0.00000
64647,2.36943,0.12628,0.17924,0.02200,1.88164,0.04835,1.04872,0.11888,0.05261,0.01819,0.00000
64660,2.36565,0.12797,0.20582,0.02309,1.94525,0.04765,0.49194,0.12040,0.00120,0.01909,0.00000
64672,2.37648,0.12560,0.20280,0.02262,1.84798,0.04792,0.48465,0.11868,-0.02788,0.01832,0.00000
64685,2.45562,0.12508,0.18492,0.02209,1.83084,0.04715,0.53306,0.11830,0.00246,0.01824,0.00000
64697,2.86006,0.12794,0.21044,0.02294,1.92176,0.04776,0.52861,0.12043,-0.01864,0.01919,0.00000
64710,2.39242,0.12607,0.21045,0.02244,1.82295,0.04736,0.77012,0.11890,-0.01679,0.01916,0.00000
64722,2.35219,0.12612,0.18861,0.02296,1.90575,0.04812,0.87897,0.11869,-0.01845,0.01953,0.00000
64735,2.46791,0.12809,0.19897,0.02294,2.04759,0.04814,0.85331,0.12009,0.00264,0.01811,0.00000
64747,2.35351,0.12502,0.15304,0.02231,1.86317,0.04792,0.64541,0.11864,0.03397,0.01797,0.00000
64760,2.58738,0.12587,0.28888,0.02317,1.84521,0.04776,0.74674,0.11886,0.06302,0.01845,0.00000
64773,2.52756,0.12203,0.25122,0.02195,1.91431,0.04635,0.64399,0.11652,0.00513,0.01783,0.00000
64786,2.66748,0.12105,0.29299,0.02217,1.89583,0.04662,0.87416,0.11517,-0.03456,0.01740,0.00000
64799,2.53732,0.12188,0.20492,0.02210,1.88307,0.04660,0.90559,0.11547,-0.00300,0.01742,0.00000
64811,2.72205,0.12223,0.18445,0.02211,2.02266,0.04642,0.68993,0.11661,0.01646,0.01722,0.00000
64824,3.03930,0.12141,0.24492,0.02161,1.84512,0.04642,0.90622,0.11538,-0.00585,0.01755,0.00000
64837,2.55607,0.12188,0.18925,0.02175,1.78351,0.04543,0.71321,0.11658,0.01275,0.01743,0.00000
64850,2.48075,0.12175,0.21833,0.02216,1.65696,0.04586,0.55149,0.11627,-0.04470,0.01764,0.00000
64863,2.70731,0.12314,0.46823,0.02416,1.92573,0.04636,0.68056,0.11757,0.01180,0.01753,0.00000
64875,2.53767,0.12385,0.30631,0.02293,1.86662,0.04657,0.58603,0.11777,0.01492,0.01807,0.00000
64888,2.93993,0.12385,0.37052,0.02342,1.93086,0.04644,0.77711,0.11783,-0.01193,0.01808,0.00000
64901,2.83497,0.12384,0.44308,0.02350,1.90372,0.04684,0.81393,0.11820,0.02327,0.01823,0.00000
64914,3.07486,0.12435,0.59072,0.02521,1.86254,0.04671,0.82537,0.11811,-0.03165,0.01851,0.00000
64927,3.34657,0.12393,0.66898,0.02568,1.87983,0.04705,1.08080,0.11795,-0.02436,0.01849,0.00000
64939,3.02921,0.12412,0.92361,0.02733,1.57046,0.04475,0.88363,0.11773,0.03675,0.01781,0.00000
64952,2.49709,0.12323,0.77904,0.02613,1.28573,0.04293,0.59354,0.11718,0.02816,0.01825,0.00000
64965,2.69347,0.12262,0.67565,0.02576,1.63723,0.04433,0.74172,0.11698,0.00657,0.01780,0.00000
64978,2.97024,0.12121,0.67648,0.02554,1.55553,0.04409,1.03437,0.11538,0.01943,0.01737,0.00000
64991,2.58974,0.12105,0.69135,0.02569,1.65896,0.04459,0.61848,0.11530,0.05553,0.01763,0.00000
65004,2.61406,0.12087,0.60863,0.02547,1.70934,0.04477,0.80021,0.11525,0.00746,0.01758,0.00000
65016,2.67921,0.12132,0.49058,0.02468,1.68394,0.04538,0.52276,0.11529,-0.01371,0.01815,0.00000
65029,2.64048,0.12193,0.75575,0.02573,1.68324,0.04465,0.91206,0.11660,0.01564,0.01760,0.00000
65042,2.81235,0.12146,0.64878,0.02547,1.59843,0.04491,0.90300,0.11539,-0.02195,0.01851,0.00000
65055,2.89339,0.12202,0.76785,0.02553,1.78891,0.04531,0.89813,0.11612,-0.00024,0.01772,0.00000
65068,2.86249,0.12180,0.78993,0.02569,1.84293,0.04526,0.91364,0.11681,-0.00038,0.01743,0.00000
65080,2.79076,0.12158,0.68322,0.02610,1.75336,0.04549,1.06231,0.11582,-0.01274,0.01838,0.00000
65093,2.72860,0.12191,0.71927,0.02569,1.71889,0.04510,0.83116,0.11666,-0.02565,0.01794,0.00000
65106,2.94187,0.12275,0.75318,0.02595,1.84200,0.04630,0.57581,0.11685,0.03231,0.01844,0.00000
65119,2.60969,0.12193,0.66199,0.02586,1.64334,0.04547,0.82773,0.11561,0.02646,0.01795,0.00000
65132,2.57779,0.12160,0.59098,0.02524,1.73971,0.04513,0.77490,0.11548,0.01440,0.01755,0.00000
65144,2.55796,0.12261,0.67245,0.02622,1.74526,0.04601,1.13757,0.11595,0.01170,0.01833,0.00000
65157,2.40607,0.12246,0.62007,0.02449,1.73463,0.04525,0.52518,0.11678,0.00531,0.01787,0.00000
65170,2.58041,0.12319,0.69418,0.02594,1.64754,0.04495,0.88946,0.11706,0.00007,0.01852,0.00000
65183,2.74789,0.12206,0.55997,0.02497,1.86924,0.04604,1.15303,0.11679,0.01347,0.01784,0.00000
65196,2.90651,0.12222,0.83746,0.02623,1.78076,0.04591,0.73008,0.11584,-0.03295,0.01817,0.00000
65208,2.20802,0.12193,0.52365,0.02450,1.56898,0.04525,0.73125,0.11575,0.01072,0.01833,0.00000
65221,2.58409,0.12324,0.62170,0.02547,1.68008,0.04535,0.90058,0.11673,0.02858,0.01796,0.00000
65234,2.45017,0.12262,0.46685,0.02488,1.58673,0.04573,0.92289,0.11572,-0.04210,0.01810,0.00000
65247,2.15112,0.12197,0.60171,0.02509,1.50993,0.04484,0.86608,0.11606,0.00192,0.01820,0.00000
65260,2.34880,0.12138,0.45554,0.02381,1.80113,0.04589,0.92669,0.11569,-0.03594,0.01814,0.00000
65272,2.62353,0.12235,0.62079,0.02528,1.61182,0.04451,1.00371,0.11665,0.01284,0.01900,0.00000
65285,2.84670,0.12235,0.67416,0.02564,1.74182,0.04595,0.46311,0.11573,0.03439,0.01853,0.00000
65298,2.37605,0.12246,0.40185,0.02417,1.66496,0.04562,0.87768,0.11570,0.00978,0.01856,0.00000
65311,2.09597,0.12160,0.55818,0.02482,1.55861,0.04471,0.99182,0.11576,0.01323,0.01810,0.00000
65324,2.69424,0.12186,0.65985,0.02560,1.64931,0.04498,0.59019,0.11564,0.02687,0.01794,0.00000
65336,2.70675,0.12253,0.71750,0.02573,1.66747,0.04468,0.69420,0.11683,0.02659,0.01873,0.00000
65349,2.30087,0.12295,0.61416,0.02534,1.74311,0.04548,1.30407,0.11689,-0.00461,0.01816,0.00000
65362,2.20354,0.12175,0.56745,0.02482,1.51191,0.04447,0.78215,0.11590,0.03205,0.01839,0.00000
65375,2.15152,0.12387,0.29510,0.02336,1.52511,0.04420,0.35773,0.11666,0.00595,0.01827,0.00000
65388,2.57296,0.12267,0.59144,0.02435,1.69598,0.04519,0.91693,0.11662,0.01414,0.01785,0.00000
65400,2.93810,0.12224,0.68374,0.02560,1.66328,0.04521,0.88493,0.11678,0.03024,0.01771,0.00000
65413,2.31230,0.12196,0.49627,0.02412,1.63081,0.04416,0.61951,0.11672,-0.01073,0.01851,0.00000
65426,2.59404,0.12072,0.43682,0.02380,1.59681,0.04456,0.89263,0.11564,0.01842,0.01779,0.00000
65439,2.40054,0.12102,0.55730,0.02465,1.70364,0.04441,0.72340,0.11680,-0.00290,0.01772,0.00000
65452,2.60337,0.12097,0.45033,0.02377,1.68247,0.04453,0.71777,0.11641,-0.01577,0.01765,0.00000
65464,2.45108,0.12171,0.43835,0.02375,1.64545,0.04457,0.81379,0.11653,-0.00178,0.01804,0.00000
65477,2.78204,0.12167,0.64028,0.02531,1.63981,0.04513,0.67192,0.11592,0.00161,0.01796,0.00000
65490,2.75582,0.12230,0.72120,0.02540,1.84261,0.04537,0.82691,0.11657,0.02110,0.01781,0.00000
65503,2.87096,0.12269,0.70333,0.02621,1.72035,0.04536,0.78027,0.11650,0.00838,0.01850,0.00000
65516,2.58988,0.12132,0.71150,0.02572,1.60389,0.04512,0.83951,0.11570,0.04343,0.01828,0.00000
65528,2.92915,0.12122,0.52448,0.02457,1.79205,0.04606,0.41305,0.11583,-0.00938,0.01737,0.00000
65541,2.88165,0.12122,0.62458,0.02519,1.56754,0.04514,0.44504,0.11558,0.02786,0.01800,0.00000
65554,3.07936,0.12128,0.36098,0.02325,1.52864,0.04467,0.77165,0.11590,-0.02981,0.01781,0.00000
65567,2.30236,0.12075,0.24855,0.02201,1.39329,0.04231,0.48846,0.11665,-0.00092,0.01795,0.00000
65580,2.50464,0.12157,0.46945,0.02401,1.50915,0.04381,0.72436,0.11716,0.00945,0.01779,0.00000
65593,3.58136,0.12405,0.51500,0.02406,1.75145,0.04495,0.77355,0.11785,0.02705,0.01794,0.00000
65605,2.54404,0.12301,0.47952,0.02401,1.84994,0.04632,0.58324,0.11762,-0.03596,0.01830,0.00000
65618,2.67021,0.12241,0.45138,0.02356,1.48758,0.04430,0.55029,0.11800,-0.01996,0.01839,0.00000
65631,2.75316,0.12115,0.42077,0.02355,1.49034,0.04370,0.52040,0.11732,-0.04275,0.01785,0.00000
65644,2.88458,0.12233,0.66846,0.02590,1.60427,0.04525,0.77412,0.11613,0.02533,0.01839,0.00000
65657,2.53715,0.12116,0.64682,0.02596,1.45503,0.04413,0.83786,0.11570,0.02576,0.01861,0.00000
65669,2.69027,0.12130,0.67802,0.02578,1.54639,0.04458,1.02700,0.11564,-0.01877,0.01852,0.00000
65682,2.87566,0.12226,0.73868,0.02621,1.48467,0.04333,0.66133,0.11667,-0.00710,0.01912,0.00000
65695,2.81620,0.12198,0.70300,0.02533,1.49297,0.04363,0.57731,0.11645,0.01632,0.01832,0.00000
65708,2.95609,0.12258,0.57286,0.02463,1.38102,0.04339,0.72530,0.11649,0.04001,0.01837,0.00000
65721,2.61685,0.12127,0.69472,0.02579,1.40787,0.04350,0.74995,0.11572,-0.00589,0.01782,0.00000
65733,2.77370,0.12173,0.61937,0.02561,1.37233,0.04349,0.73302,0.11587,0.00054,0.01797,0.00000
65746,2.72597,0.12141,0.63366,0.02531,1.32206,0.04316,0.58062,0.11546,0.05232,0.01781,0.00000
65759,2.69391,0.12132,0.53296,0.02454,1.25037,0.04172,0.85616,0.11630,0.00620,0.01858,0.00000
65772,2.49288,0.12232,0.47014,0.02421,1.31423,0.04225,0.61132,0.11651,0.00985,0.01825,0.00000
65785,3.30089,0.12161,0.57737,0.02496,1.32234,0.04255,0.48238,0.11566,0.00240,0.01771,0.00000
65797,2.65264,0.12072,0.51537,0.02479,1.28497,0.04222,0.73927,0.11576,-0.01232,0.01772,0.00000
65810,2.63877,0.12009,0.56865,0.02493,1.33040,0.04216,0.84974,0.11545,0.00050,0.01715,0.00000
65823,2.59817,0.12031,0.53424,0.02419,1.29023,0.04184,0.59003,0.11520,0.03075,0.01755,0.00000
65836,2.70151,0.11952,0.41898,0.02342,1.31492,0.04198,0.57386,0.11483,-0.00824,0.01845,0.00000
65849,2.57018,0.11968,0.45906,0.02351,1.31987,0.04161,0.71073,0.11500,0.00211,0.01769,0.00000
65861,2.65766,0.12023,0.39300,0.02347,1.26102,0.04102,0.41643,0.11606,-0.00714,0.01787,0.00000
65874,2.91691,0.12022,0.39017,0.02330,1.29848,0.04200,0.61789,0.11480,-0.03533,0.01709,0.00000
65887,3.00801,0.12028,0.63221,0.02524,1.27261,0.04141,0.86349,0.11522,0.00367,0.01735,0.00000
65900,2.83780,0.12024,0.53278,0.02455,1.36672,0.04261,0.91113,0.11552,0.01175,0.01802,0.00000
65913,2.54211,0.12029,0.37989,0.02336,1.26203,0.04164,0.33139,0.11528,-0.00352,0.01748,0.00000
65926,2.84343,0.12097,0.49253,0.02419,1.24652,0.04092,0.76138,0.11632,-0.01704,0.01724,0.00000
65938,2.82726,0.12093,0.44763,0.02330,1.42034,0.04226,0.73330,0.11644,0.02046,0.01776,0.00000
65951,2.59578,0.12048,0.37319,0.02293,1.31228,0.04182,0.48769,0.11561,-0.00601,0.01770,0.00000
65964,2.75068,0.12260,0.46871,0.02453,1.33287,0.04246,0.64234,0.11859,0.00149,0.01822,0.00000
65976,2.67239,0.12360,0.41345,0.02324,1.27206,0.04216,0.57358,0.11999,0.05009,0.01835,0.00000
65989,2.30093,0.12197,0.31031,0.02248,1.22265,0.04190,0.61124,0.11828,0.00954,0.01764,0.00000
66001,2.70607,0.12430,0.38515,0.02359,1.32339,0.04295,0.60326,0.12049,0.00533,0.01764,0.00000
66014,2.40945,0.12262,0.39524,0.02331,1.29186,0.04267,0.50950,0.11833,-0.00663,0.01824,0.00000
66026,2.72770,0.12479,0.44215,0.02387,1.56530,0.04406,0.76281,0.12040,-0.00268,0.01908,0.00000
66039,2.51457,0.12318,0.40534,0.02429,1.42744,0.04345,0.80410,0.11863,-0.00409,0.01848,0.00000
66051,2.76178,0.12473,0.39709,0.02326,1.43959,0.04353,0.66838,0.12002,0.00160,0.01776,0.00000
66064,2.71476,0.12450,0.32595,0.02363,1.45698,0.04354,0.58747,0.12005,0.01451,0.01872,0.00000
66076,2.82616,0.12284,0.34127,0.02316,1.60582,0.04446,0.80381,0.11863,0.00133,0.01831,0.00000
66089,2.81958,0.12282,0.37767,0.02321,1.47643,0.04446,0.60974,0.11839,-0.01420,0.01876,0.00000
66101,2.48271,0.12342,0.29223,0.02262,1.45739,0.04404,0.57599,0.11859,-0.02323,0.01775,0.00000
66114,2.82974,0.12305,0.26837,0.02304,1.60727,0.04479,0.67622,0.11820,0.00633,0.01789,0.00000
66127,2.74686,0.12044,0.41427,0.02274,1.51778,0.04336,0.73981,0.11611,-0.00180,0.01826,0.00000
66139,2.60069,0.12378,0.39805,0.02341,1.59328,0.04481,0.85723,0.11837,0.00543,0.01910,0.00000
66152,2.84636,0.12315,0.27990,0.02289,1.54617,0.04533,0.82088,0.11840,0.02449,0.01789,0.00000
66164,2.66529,0.12393,0.28506,0.02346,1.59375,0.04456,0.53782,0.12025,0.00796,0.01830,0.00000
66177,2.73334,0.12370,0.31321,0.02352,1.58809,0.04536,0.74543,0.11890,-0.04549,0.01873,0.00000
66189,2.41729,0.12318,0.30183,0.02334,1.76250,0.04626,0.88921,0.11877,0.03301,0.01819,0.00000
66202,2.66658,0.12430,0.29754,0.02375,1.63940,0.04527,0.81764,0.12048,0.01554,0.01836,0.00000
66214,2.54544,0.12323,0.30053,0.02294,1.68041,0.04568,0.52965,0.11885,-0.00589,0.01775,0.00000
66227,2.69348,0.12258,0.32586,0.02308,1.71544,0.04562,0.82001,0.11864,0.00958,0.01812,0.00000
66240,2.54359,0.12058,0.37470,0.02281,1.59894,0.04429,0.78157,0.11633,0.00079,0.01800,0.00000
66252,2.72614,0.12319,0.34913,0.02314,1.68776,0.04650,0.70865,0.11865,0.00806,0.01790,0.00000
66265,2.63472,0.12465,0.37631,0.02414,1.78538,0.04601,0.92272,0.12026,0.00331,0.01913,0.00000
66278,2.60831,0.12253,0.42481,0.02405,1.79997,0.04621,0.78222,0.11872,-0.00590,0.01832,0.00000
66290,2.35511,0.12287,0.30671,0.02287,1.77582,0.04617,0.43962,0.11863,-0.00045,0.01821,0.00000
66303,2.74748,0.12022,0.28221,0.02225,1.69890,0.04558,0.64600,0.11632,0.02009,0.01817,0.00000
66315,2.52667,0.12269,0.32286,0.02314,1.77981,0.04649,0.70814,0.11867,-0.01066,0.01750,0.00000
66328,2.43037,0.12333,0.27083,0.02312,1.73990,0.04619,0.79963,0.11870,-0.02279,0.01782,0.00000
66340,2.68023,0.12235,0.35120,0.02293,1.68232,0.04559,0.73582,0.11853,0.01385,0.01828,0.00000
66353,2.79265,0.12372,0.34981,0.02323,1.71230,0.04552,0.80652,0.12027,0.00720,0.01794,0.00000
66366,2.63622,0.12431,0.41883,0.02322,1.91188,0.04722,0.66504,0.12031,-0.02639,0.01878,0.00000
66378,2.66061,0.12367,0.34137,0.02297,1.90257,0.04685,1.10022,0.12014,0.03814,0.01784,0.00000
66391,2.58101,0.12217,0.40509,0.02351,1.75814,0.04622,0.76917,0.11852,0.00183,0.01761,0.00000
66403,2.27635,0.12402,0.31435,0.02292,1.80827,0.04622,0.72598,0.12041,0.04603,0.01816,0.00000
66416,2.47248,0.12338,0.28656,0.02306,1.73353,0.04561,1.14195,0.12017,0.00753,0.01854,0.00000
66428,2.77959,0.12294,0.30470,0.02302,1.92371,0.04779,0.74970,0.11876,-0.00524,0.01790,0.00000
66441,2.75922,0.12242,0.31731,0.02282,1.84594,0.04770,0.82450,0.11876,-0.00475,0.01784,0.00000
66453,2.56914,0.12224,0.32507,0.02264,1.75961,0.04653,0.86545,0.11857,0.00584,0.01692,0.00000
66466,2.76023,0.12303,0.46591,0.02375,1.73852,0.04628,0.82527,0.12024,-0.02233,0.01875,0.00000
66478,2.39576,0.12275,0.32665,0.02331,1.73704,0.04653,0.80369,0.11875,0.00368,0.01846,0.00000
66491,2.38971,0.12256,0.33248,0.02334,1.73641,0.04660,0.56223,0.11848,0.00991,0.01805,0.00000
66503,2.37410,0.12224,0.32576,0.02352,1.63867,0.04591,0.77571,0.11858,-0.01245,0.01816,0.00000
66516,2.30406,0.12334,0.34776,0.02312,1.70757,0.04560,0.93829,0.12009,-0.00462,0.01753,0.00000
66528,2.52290,0.12334,0.27548,0.02264,1.84659,0.04650,0.52657,0.12012,-0.04084,0.01792,0.00000
66541,2.37306,0.12323,0.25938,0.02256,1.62192,0.04582,0.41150,0.12010,0.02627,0.01802,0.00000
66554,2.48742,0.12219,0.29963,0.02263,1.78410,0.04659,0.44214,0.11856,-0.04889,0.01813,0.00000
66566,2.45227,0.12169,0.29285,0.02235,1.70736,0.04605,0.53257,0.11853,0.01249,0.01794,0.00000
66579,2.79755,0.12038,0.31588,0.02282,1.89013,0.04597,0.91485,0.11636,-0.00519,0.01791,0.00000
66591,2.56496,0.12270,0.38737,0.02340,1.83747,0.04653,0.65395,0.11870,0.00773,0.01796,0.00000
66604,2.57167,0.12324,0.29872,0.02294,1.67114,0.04589,0.65079,0.11984,0.00683,0.01827,0.00000
66616,2.37426,0.12214,0.24596,0.02254,1.80453,0.04690,0.79946,0.11842,0.02542,0.01863,0.00000
66629,2.59009,0.12283,0.32960,0.02280,1.86961,0.04737,0.74631,0.11828,-0.02399,0.01805,0.00000
66642,2.82863,0.12287,0.32607,0.02255,1.89171,0.04685,1.03024,0.11837,0.00512,0.01807,0.00000
66654,2.28360,0.12303,0.32585,0.02260,1.81187,0.04754,0.75715,0.11866,-0.00965,0.01821,0.00000
66667,2.53245,0.12018,0.29174,0.02204,1.74529,0.04532,0.58679,0.11634,0.01398,0.01799,0.00000
66679,2.38897,0.12278,0.29132,0.02245,1.72283,0.04680,0.92230,0.11865,0.01941,0.01838,0.00000
66692,2.12752,0.12504,0.32893,0.02298,1.83751,0.04639,0.63008,0.12036,-0.01058,0.01897,0.00000
66705,2.35608,0.12333,0.27938,0.02302,1.71273,0.04773,0.80699,0.11860,0.05262,0.01827,0.00000
66717,2.79837,0.12223,0.32043,0.02257,1.81644,0.04653,0.74798,0.11825,-0.02205,0.01791,0.00000
66730,2.62367,0.11920,0.29513,0.02183,1.77970,0.04585,0.79009,0.11602,-0.00433,0.01681,0.00000
66742,2.33938,0.12175,0.24818,0.02273,1.77242,0.04629,0.60578,0.11853,0.02443,0.01780,0.00000
66755,2.36230,0.12428,0.29209,0.02298,1.73997,0.04601,0.70690,0.12018,-0.00134,0.01945,0.00000
66768,2.92227,0.11959,0.32641,0.02265,1.93343,0.04633,0.67825,0.11611,0.00791,0.01750,0.00000
66781,2.73561,0.12456,0.40755,0.02325,1.88779,0.04724,0.51086,0.11996,0.00207,0.01907,0.00000
66793,2.35465,0.12328,0.37921,0.02328,1.78683,0.04641,0.91680,0.11999,0.00698,0.01827,0.00000
66806,2.60984,0.12316,0.44016,0.02380,1.72248,0.04727,0.53142,0.11855,-0.03876,0.01812,0.00000
66818,2.76902,0.12375,0.43943,0.02409,1.85676,0.04823,1.14047,0.11884,0.00131,0.01828,0.00000
66831,2.64683,0.12314,0.29699,0.02363,1.97036,0.04793,0.62540,0.11835,0.01543,0.01859,0.00000
66843,2.70832,0.12289,0.40300,0.02389,1.85374,0.04745,0.93503,0.11853,-0.02876,0.01875,0.00000
66856,2.81706,0.12402,0.29211,0.02331,1.91792,0.04702,0.66949,0.12015,0.00553,0.01830,0.00000
66868,2.76742,0.12223,0.32341,0.02273,2.03783,0.04813,0.64026,0.11843,0.00222,0.01810,0.00000
66881,3.07990,0.12307,0.38263,0.02362,1.79867,0.04735,0.80862,0.11863,0.01045,0.01819,0.00000
66893,2.77839,0.12350,0.46840,0.02364,1.81212,0.04795,0.75493,0.11814,-0.00783,0.01870,0.00000
66906,2.67662,0.12383,0.33938,0.02332,1.97851,0.04838,1.12843,0.11832,-0.01434,0.01866,0.00000
66918,2.99652,0.12629,0.46195,0.02480,1.98632,0.04849,1.07897,0.11983,0.04438,0.01913,0.00000
66931,2.78621,0.12223,0.40599,0.02366,1.73775,0.04698,0.83632,0.11844,0.02641,0.01824,0.00000
66943,2.86917,0.12405,0.37383,0.02380,1.90615,0.04832,0.74316,0.11865,0.01695,0.01927,0.00000
66956,3.07575,0.12330,0.38943,0.02365,1.85787,0.04783,1.04049,0.11850,0.01021,0.01815,0.00000
66968,2.85029,0.12445,0.38688,0.02356,1.95002,0.04844,0.84887,0.11823,0.02882,0.01824,0.00000
66981,2.48802,0.12367,0.35847,0.02296,1.93793,0.04786,0.92848,0.11999,-0.00566,0.01905,0.00000
66994,2.83703,0.12227,0.34323,0.02328,1.80475,0.04728,0.73962,0.11811,0.02536,0.01800,0.00000
67006,3.14893,0.12313,0.37341,0.02370,1.96362,0.04794,0.97578,0.11846,0.03000,0.01737,0.00000
67018,2.97270,0.12202,0.27600,0.02218,1.93768,0.04753,0.67058,0.11851,-0.00743,0.01763,0.00000
67031,3.01461,0.12212,0.27167,0.02279,1.99365,0.04688,0.80479,0.11952,-0.01954,0.01826,0.00000
67044,3.15372,0.12057,0.27869,0.02202,1.90668,0.04740,0.71253,0.11752,0.00433,0.01733,0.00000
67056,2.98013,0.12075,0.30352,0.02229,1.98631,0.04729,0.98329,0.11754,0.00685,0.01767,0.00000
67069,3.46603,0.12237,0.29459,0.02237,1.88863,0.04740,0.95758,0.11908,-0.02253,0.01842,0.00000
67081,3.12979,0.12129,0.32368,0.02226,2.03368,0.04884,0.63448,0.11790,-0.00914,0.01779,0.00000
67094,3.10629,0.12096,0.25433,0.02195,1.89938,0.04754,0.69498,0.11784,-0.01063,0.01760,0.00000
67106,3.13890,0.12161,0.20921,0.02207,1.98837,0.04802,0.99967,0.11821,0.02475,0.01774,0.00000
67119,3.20904,0.11874,0.21913,0.02094,2.01845,0.04686,0.63788,0.11593,-0.00008,0.01762,0.00000
67131,2.84242,0.12110,0.13303,0.02141,2.03665,0.04829,0.83761,0.11811,0.03548,0.01759,0.00000
67144,2.77719,0.12268,0.20193,0.02153,1.91691,0.04661,0.92445,0.12019,0.00475,0.01727,0.00000
67156,3.17055,0.12146,0.19948,0.02145,2.10256,0.04902,0.86427,0.11859,0.00082,0.01830,0.00000
67169,2.76400,0.12199,0.14344,0.02183,2.03151,0.04774,0.81229,0.12025,0.00131,0.01716,0.00000
67182,3.50381,0.12156,0.15246,0.02101,1.84835,0.04771,0.90402,0.11865,0.02508,0.01811,0.00000
67194,2.76337,0.12094,0.14560,0.02142,1.93489,0.04797,0.80582,0.11849,-0.01292,0.01704,0.00000
67206,2.58332,0.12091,0.16235,0.02136,1.99858,0.04812,0.86368,0.11875,-0.01310,0.01744,0.00000
67219,2.73394,0.12219,0.29265,0.02258,1.97329,0.04738,0.73093,0.12015,0.03255,0.01748,0.00000
67232,2.53336,0.12226,0.10883,0.02156,1.81131,0.04749,0.53530,0.11853,0.02701,0.01792,0.00000
67244,2.67838,0.12123,0.13985,0.02186,1.92645,0.04768,0.63882,0.11835,-0.00977,0.01763,0.00000
67257,2.67346,0.12262,0.16520,0.02143,1.91341,0.04764,0.74858,0.12032,0.00548,0.01781,0.00000
67269,2.79650,0.12259,0.17752,0.02146,1.96700,0.04792,0.56213,0.12038,0.01173,0.01765,0.00000
67282,2.68023,0.12170,0.22494,0.02147,1.93697,0.04842,0.82228,0.11871,-0.01533,0.01761,0.00000
67294,2.23761,0.12304,0.15548,0.02170,1.99110,0.04753,0.52880,0.12020,-0.00812,0.01807,0.00000
67307,2.57401,0.12157,0.19003,0.02132,2.07274,0.04757,0.57406,0.11989,-0.00046,0.01821,0.00000
67319,2.80172,0.12129,0.20779,0.02140,1.93918,0.04762,0.81237,0.11873,0.02078,0.01740,0.00000
67332,2.70768,0.12139,0.16289,0.02096,2.00420,0.04821,0.78516,0.11871,0.00494,0.01766,0.00000
67344,2.71202,0.12307,0.14489,0.02166,1.94922,0.04762,0.74230,0.11992,0.03880,0.01803,0.00000
67357,2.51235,0.12173,0.14816,0.02104,1.98414,0.04742,0.62970,0.12006,-0.00568,0.01812,0.00000
67369,2.58625,0.12241,0.20756,0.02190,2.00214,0.04790,0.75723,0.12028,-0.02003,0.01767,0.00000
67382,2.40681,0.12095,0.16032,0.02179,1.88067,0.04799,0.84857,0.11890,-0.00577,0.01756,0.00000
67394,2.24439,0.12223,0.20408,0.02118,1.74729,0.04621,0.67903,0.12027,-0.00408,0.01792,0.00000
67407,2.20898,0.12041,0.13005,0.02113,1.71157,0.04711,0.65877,0.11884,0.02167,0.01732,0.00000
67419,2.53356,0.12059,0.12852,0.02116,1.98356,0.04768,0.61882,0.11879,-0.00060,0.01722,0.00000
67432,2.37881,0.11993,0.17788,0.02146,1.98466,0.04773,0.71335,0.11854,0.00680,0.01730,0.00000
67444,2.25561,0.12048,0.13631,0.02141,2.00064,0.04817,0.72848,0.11851,0.00508,0.01681,0.00000
67457,2.33540,0.11971,0.15146,0.02078,1.80226,0.04675,0.88668,0.11828,-0.01461,0.01682,0.00000
67469,2.31722,0.12069,0.13930,0.02134,2.01590,0.04785,0.89184,0.11867,-0.00408,0.01690,0.00000
67482,2.31049,0.12137,0.19388,0.02105,1.90109,0.04685,0.70553,0.12013,-0.01602,0.01807,0.00000
67495,2.34462,0.12238,0.14623,0.02131,1.80282,0.04646,0.73504,0.12007,0.00032,0.01794,0.00000
67507,2.64567,0.12161,0.14351,0.02180,1.90749,0.04688,0.75031,0.11993,-0.01522,0.01806,0.00000
67520,2.13477,0.12045,0.13439,0.02106,1.79687,0.04669,0.68088,0.11863,-0.03504,0.01835,0.00000
67532,2.17504,0.12058,0.10547,0.02139,1.84809,0.04731,0.74254,0.11847,0.01227,0.01822,0.00000
67545,2.43918,0.12015,0.12186,0.02089,1.82430,0.04707,0.79634,0.11837,-0.00838,0.01754,0.00000
67557,2.59588,0.12033,0.19189,0.02077,1.97426,0.04776,0.68837,0.11842,0.00353,0.01782,0.00000
67570,2.66260,0.12068,0.18851,0.02119,1.93578,0.04778,0.64567,0.11813,0.02583,0.01708,0.00000
67582,2.36250,0.12049,0.11158,0.02128,1.82762,0.04704,0.74018,0.11803,-0.00231,0.01723,0.00000
67595,3.02551,0.12064,0.20328,0.02117,1.95008,0.04757,0.67686,0.11837,-0.01134,0.01861,0.00000
67607,2.47463,0.12245,0.11469,0.02129,1.73315,0.04679,0.61211,0.12062,-0.03958,0.01753,0.00000
67620,2.46622,0.12268,0.13046,0.02143,1.84298,0.04735,0.61966,0.12030,-0.00021,0.01781,0.00000
67632,2.41612,0.12131,0.16786,0.02120,1.99159,0.04836,0.71943,0.11882,0.00017,0.01735,0.00000
67645,2.21580,0.12010,0.12753,0.02114,1.74963,0.04697,0.66511,0.11795,0.01607,0.01670,0.00000
67657,2.32939,0.12068,0.18834,0.02136,1.87111,0.04637,0.68873,0.11946,0.01704,0.01794,0.00000
67670,2.61720,0.12019,0.14847,0.02146,1.94873,0.04840,0.69196,0.11841,-0.00118,0.01717,0.00000
67682,2.38368,0.12162,0.13288,0.02065,1.93646,0.04795,0.96350,0.11867,-0.02364,0.01835,0.00000
67695,2.40677,0.12327,0.15174,0.02130,1.83553,0.04737,0.49243,0.12087,-0.00190,0.01821,0.00000
67707,2.35952,0.12071,0.14436,0.02151,1.86084,0.04763,0.94706,0.11879,0.00018,0.01729,0.00000
67720,2.35762,0.12245,0.15268,0.02193,1.93194,0.04722,0.64076,0.12014,0.00928,0.01832,0.00000
67733,2.38351,0.12157,0.18550,0.02118,1.87408,0.04685,0.70609,0.12032,-0.01942,0.01792,0.00000
67745,2.42124,0.11998,0.11191,0.02134,1.80520,0.04686,0.99225,0.11831,0.01026,0.01736,0.00000
67758,2.25097,0.12173,0.12935,0.02134,1.76952,0.04620,0.39555,0.12012,-0.01660,0.01845,0.00000
67770,2.47893,0.12114,0.33440,0.02298,1.80644,0.04704,0.68427,0.11816,0.00847,0.01760,0.00000
67783,2.45187,0.12048,0.13906,0.02109,1.80834,0.04707,0.42544,0.11825,0.01174,0.01844,0.00000
67795,2.68932,0.12081,0.16280,0.02143,1.89477,0.04740,0.48994,0.11848,0.00275,0.01807,0.00000
67808,2.47387,0.12107,0.17714,0.02104,1.74144,0.04726,0.41757,0.11823,-0.01978,0.01843,0.00000
67820,2.55410,0.12059,0.15387,0.02080,1.85106,0.04706,0.61727,0.11845,0.01439,0.01730,0.00000
67833,2.90327,0.12008,0.16640,0.02092,1.92122,0.04735,0.72813,0.11845,0.00910,0.01740,0.00000
67845,2.53010,0.12249,0.16270,0.02150,1.85562,0.04729,0.87859,0.12028,-0.01099,0.01828,0.00000
67858,2.69254,0.12233,0.14587,0.02128,1.91596,0.04802,0.88841,0.12035,0.00224,0.01826,0.00000
67870,2.49752,0.12247,0.18366,0.02143,2.06758,0.04748,0.63628,0.12002,0.02108,0.01785,0.00000
67883,2.24906,0.12274,0.17175,0.02088,1.84743,0.04699,0.63074,0.12012,-0.01057,0.01842,0.00000
67896,2.58169,0.11877,0.15303,0.02054,1.94776,0.04638,0.86540,0.11625,-0.01647,0.01772,0.00000
67908,2.62109,0.12312,0.16526,0.02155,1.94252,0.04736,0.58184,0.12032,0.04097,0.01740,0.00000
67921,2.89752,0.12125,0.19788,0.02101,1.89581,0.04787,0.62430,0.11849,-0.02978,0.01680,0.00000
67934,2.75309,0.12194,0.13702,0.02163,1.70840,0.04633,0.71025,0.12020,0.00894,0.01801,0.00000
67946,2.45543,0.12050,0.16109,0.02128,1.71065,0.04698,0.79819,0.11869,0.03278,0.01718,0.00000
67959,2.52012,0.12165,0.08973,0.02095,1.79540,0.04661,0.72839,0.11866,-0.01043,0.01723,0.00000
67971,2.61070,0.12153,0.12527,0.02132,1.82055,0.04688,0.76266,0.12001,0.02358,0.01757,0.00000
67984,2.87947,0.12135,0.19364,0.02146,1.67036,0.04683,0.85557,0.11874,-0.01221,0.01767,0.00000
67996,2.73678,0.12212,0.14364,0.02141,1.72433,0.04716,0.44707,0.11912,-0.00050,0.01751,0.00000
68009,2.47220,0.12263,0.10997,0.02116,1.70891,0.04663,0.43062,0.12053,-0.01799,0.01790,0.00000
68021,2.52008,0.12037,0.13059,0.02125,1.83401,0.04708,0.69475,0.11835,-0.01227,0.01735,0.00000
68034,2.39933,0.12260,0.13599,0.02133,1.63723,0.04539,0.66225,0.11985,-0.01803,0.01894,0.00000
68046,2.71227,0.12079,0.12797,0.02126,1.74081,0.04635,0.55758,0.11811,-0.00095,0.01734,0.00000
68059,2.63942,0.12303,0.11961,0.02121,1.80602,0.04677,0.65467,0.11991,-0.00279,0.01869,0.00000
68071,2.64981,0.12222,0.20995,0.02183,1.60524,0.04693,0.65376,0.11832,0.02908,0.01803,0.00000
68084,2.66877,0.12279,0.15643,0.02166,1.74728,0.04617,0.42955,0.12023,-0.03706,0.01867,0.00000
68097,2.62504,0.12311,0.33546,0.02312,1.73187,0.04649,0.62372,0.12042,0.00227,0.01756,0.00000
68109,2.45900,0.12193,0.18717,0.02155,1.70747,0.04745,0.45625,0.11940,-0.00611,0.01818,0.00000
68122,2.32914,0.12424,0.15657,0.02190,1.76493,0.04666,0.62951,0.12166,-0.01562,0.01843,0.00000
68134,2.68167,0.12368,0.20177,0.02233,1.68514,0.04665,0.62062,0.12199,-0.01314,0.01857,0.00000
68147,2.67482,0.12309,0.20710,0.02246,1.65646,0.04608,0.76771,0.12158,0.01732,0.01759,0.00000
68159,2.37170,0.12351,0.27881,0.02235,1.69511,0.04729,0.61234,0.11967,-0.03665,0.01875,0.00000
68172,2.69181,0.12248,0.36956,0.02296,1.81960,0.04679,0.86497,0.11929,-0.01253,0.01799,0.00000
68184,2.96407,0.12354,0.31636,0.02305,1.81854,0.04624,0.74931,0.12120,-0.00013,0.01857,0.00000
68197,2.59569,0.12313,0.51004,0.02418,1.53333,0.04558,0.55836,0.12073,0.03762,0.01783,0.00000
68209,3.78099,0.12485,1.32417,0.03022,1.56919,0.04580,0.80823,0.12118,0.05178,0.01854,0.00000
68222,2.94771,0.12338,0.72716,0.02750,1.45310,0.04455,0.69138,0.11975,0.01665,0.01854,0.00000
68234,2.39272,0.12160,0.51567,0.02499,1.43344,0.04448,0.66148,0.11943,-0.02257,0.01836,0.00000
68247,2.64547,0.12276,0.53351,0.02459,1.40198,0.04423,0.59969,0.12095,0.01937,0.01862,0.00000
68260,2.37920,0.11852,0.50720,0.02388,1.20345,0.04218,0.44962,0.11709,-0.01722,0.01790,0.00000
68273,1.86388,0.12222,0.15878,0.02187,1.09004,0.04250,0.31886,0.12105,0.01161,0.01796,0.00000
68285,1.09600,0.11935,0.07883,0.02056,0.51708,0.03757,-0.20147,0.11915,0.01945,0.01837,0.00000
68298,0.23859,0.11939,0.02607,0.02026,0.26671,0.03470,0.18029,0.11923,-0.01123,0.01930,0.00000
68310,0.31719,0.12058,0.03697,0.02107,0.24700,0.03396,0.09511,0.12124,-0.01981,0.01855,0.00000
68323,0.47155,0.11847,0.03219,0.01959,0.16623,0.03294,-0.11781,0.11952,-0.02998,0.01829,0.00000
68335,0.39532,0.11696,0.01672,0.02009,0.15247,0.03217,0.14730,0.11943,-0.00452,0.01789,0.00000
68348,0.34375,0.11723,-0.02978,0.02026,0.15092,0.03209,-0.07548,0.11993,0.00172,0.01699,0.00000
68360,0.26458,0.11888,0.02915,0.02020,0.17129,0.03257,0.02251,0.12133,-0.02096,0.01879,0.00000
68372,0.54415,0.11723,0.08638,0.02069,0.17294,0.03126,0.06530,0.11947,0.01571,0.01851,0.00000
68385,0.42456,0.11620,-0.01028,0.02003,0.17863,0.03137,-0.12070,0.11890,0.00799,0.01766,0.00000
68397,0.48361,0.11640,0.02779,0.01979,0.12039,0.03158,0.13757,0.11891,-0.01557,0.01857,0.00000
68410,0.43809,0.11843,0.16103,0.02099,0.10976,0.03095,-0.03007,0.12024,-0.00935,0.01812,0.00000
68423,0.60497,0.11736,0.05624,0.01972,0.13495,0.03138,0.12125,0.12056,0.01840,0.01773,0.00000
68435,0.56608,0.11679,-0.01185,0.01986,0.13314,0.03135,-0.09105,0.11906,0.00856,0.01783,0.00000
68448,0.70014,0.11528,0.06836,0.01954,0.23964,0.03110,-0.05219,0.11737,-0.01647,0.01775,0.00000
68461,0.36050,0.11702,0.05396,0.02004,0.15666,0.03096,0.08737,0.11823,-0.00106,0.01820,0.00000
68473,0.35758,0.11877,0.02969,0.02022,0.10525,0.03106,0.20766,0.12083,-0.01067,0.01808,0.00000
68486,0.30003,0.11871,0.01387,0.01990,0.20002,0.03114,-0.16244,0.12128,0.04316,0.01787,0.00000
68498,0.46662,0.11798,0.04045,0.02029,0.14282,0.03077,-0.21481,0.12157,-0.01603,0.01749,0.00000
68511,0.32125,0.11772,0.04056,0.02011,0.16434,0.03157,0.22174,0.12145,0.01668,0.01747,0.00000
68523,0.55831,0.11837,-0.00625,0.02017,0.20062,0.03115,0.01751,0.12228,0.00606,0.01879,0.00000
68536,0.66156,0.11882,0.25802,0.02252,0.18666,0.03153,0.04874,0.12168,-0.01355,0.01833,0.00000
68548,0.44707,0.11592,-0.00970,0.01944,0.14851,0.03064,-0.14636,0.11945,-0.00620,0.01751,0.00000
68561,0.78424,0.11569,-0.00106,0.01972,0.34100,0.03201,0.22595,0.11866,-0.03171,0.01783,0.00000
68574,0.67059,0.11624,-0.00338,0.01950,0.19724,0.03056,0.20864,0.11940,-0.02701,0.01792,0.00000
68586,0.68149,0.11394,-0.00656,0.01993,0.12973,0.02983,0.13911,0.11719,-0.00991,0.01689,0.00000
68598,0.50606,0.11416,-0.00879,0.01956,0.07310,0.02934,-0.02388,0.11690,0.01714,0.01742,0.00000
68611,0.58152,0.11360,0.00288,0.01916,0.11867,0.02983,-0.02517,0.11664,0.02086,0.01713,0.00000
68624,0.50486,0.11436,0.03014,0.01933,0.10572,0.02942,-0.07739,0.11794,0.00973,0.01719,0.00000
68636,0.49339,0.11245,-0.00678,0.01907,0.12107,0.02915,0.00291,0.11615,-0.01331,0.01645,0.00000
68648,0.44752,0.11301,-0.00524,0.01886,0.17802,0.03021,0.07493,0.11623,-0.01883,0.01721,0.00000
68661,0.42762,0.11551,0.03646,0.01998,0.15246,0.02969,0.15077,0.11828,0.01801,0.01769,0.00000
68674,0.26454,0.11218,-0.01156,0.01931,0.22191,0.02879,-0.01179,0.11633,0.01551,0.01703,0.00000
68686,0.49289,0.11258,0.03578,0.01929,0.19982,0.02942,-0.00782,0.11646,0.00193,0.01695,0.00000
68698,0.45816,0.11285,0.04155,0.01898,0.26761,0.03034,-0.16375,0.11697,-0.02380,0.01761,0.00000
68711,0.76526,0.11577,0.04712,0.01960,0.62541,0.03392,0.19240,0.11862,-0.04324,0.01804,0.00000
68724,1.08982,0.11460,0.08031,0.01998,0.77582,0.03599,0.40487,0.11664,-0.01817,0.01689,0.00000
68736,2.82149,0.11687,0.45579,0.02359,1.33376,0.04087,0.58480,0.11714,-0.01785,0.01778,0.00000
68748,2.29961,0.11698,0.61053,0.02455,1.31583,0.04111,0.73963,0.11748,-0.03684,0.01811,0.00000
68761,2.60959,0.11783,0.34371,0.02242,1.67454,0.04355,0.75791,0.11748,0.00201,0.01748,0.00000
68773,2.44416,0.11704,0.42596,0.02296,1.61397,0.04322,0.76943,0.11748,-0.02485,0.01733,0.00000
68786,2.24685,0.11816,0.30210,0.02205,1.66545,0.04267,0.83004,0.11879,0.00852,0.01795,0.00000
68798,2.78148,0.11664,0.55479,0.02420,1.79293,0.04471,0.85344,0.11736,0.00933,0.01743,0.00000
68811,2.64303,0.11665,0.24802,0.02163,1.61091,0.04397,1.03987,0.11743,0.01336,0.01801,0.00000
68823,2.47400,0.11781,0.24933,0.02134,1.78961,0.04477,0.73665,0.11791,-0.00759,0.01828,0.00000
68836,2.31393,0.11810,0.23583,0.02136,1.78344,0.04385,0.49879,0.11921,0.00408,0.01762,0.00000
68848,2.28123,0.11773,0.27151,0.02139,1.68871,0.04452,0.61588,0.11756,0.02318,0.01722,0.00000
68861,2.13327,0.11728,0.16466,0.02149,1.62188,0.04395,0.39243,0.11746,0.02210,0.01723,0.00000
68873,2.47133,0.11835,0.17730,0.02065,1.84076,0.04507,0.87070,0.11771,0.00586,0.01803,0.00000
68886,2.54592,0.11875,0.22744,0.02044,1.71300,0.04464,0.97076,0.11931,0.01138,0.01751,0.00000
68898,2.62106,0.11839,0.22142,0.02134,1.54559,0.04430,0.36849,0.11790,-0.00875,0.01684,0.00000
68911,2.21415,0.11821,0.13501,0.02091,1.71202,0.04462,0.56127,0.11811,0.00727,0.01761,0.00000
68924,-0.12784,0.11446,-0.00722,0.01898,-0.01584,0.03048,0.16868,0.11871,-0.01694,0.01747,2.00000
68937,-0.28471,0.11242,-0.01477,0.01910,-0.02992,0.02899,0.06495,0.11710,0.00122,0.01717,2.00000
68949,-0.00525,0.11221,-0.04159,0.01897,0.01324,0.02827,0.02131,0.11724,-0.01742,0.01697,2.00000
68962,-0.22463,0.11432,-0.00859,0.01951,0.00773,0.02930,-0.08073,0.11885,0.02514,0.01675,2.00000
68974,-0.07737,0.11415,0.00072,0.01895,-0.00868,0.02881,0.02803,0.11919,0.00434,0.01831,2.00000
68987,-0.21960,0.11021,0.00401,0.01843,-0.00227,0.02719,-0.04728,0.11526,-0.03298,0.01754,2.00000
69000,-0.14511,0.11018,-0.00683,0.01877,0.01731,0.02732,-0.21470,0.11536,0.03146,0.01675,2.00000
69013,0.01688,0.11420,0.00609,0.01914,0.00920,0.02808,0.06619,0.11947,0.01649,0.01740,2.00000
69025,-0.11527,0.11468,0.00335,0.01896,0.02588,0.02813,-0.02860,0.11961,0.01450,0.01773,2.00000
69038,-0.12979,0.11086,0.01711,0.01834,-0.04066,0.02723,0.08079,0.11587,-0.00483,0.01738,2.00000
69051,-0.05640,0.11140,0.03591,0.01874,0.01674,0.02713,-0.01920,0.11578,0.02723,0.01759,2.00000
69064,0.12731,0.11466,-0.00811,0.01922,0.02383,0.02806,-0.02159,0.11978,0.00372,0.01748,2.00000
69076,0.21655,0.11383,-0.00217,0.01915,-0.02354,0.02768,0.12566,0.11946,-0.01628,0.01753,2.00000
69089,-0.07451,0.11088,0.01112,0.01866,0.01163,0.02683,-0.22500,0.11598,0.02137,0.01589,2.00000
69102,-0.17879,0.11158,-0.03194,0.01873,-0.05208,0.02701,-0.11248,0.11622,-0.00450,0.01750,2.00000
69115,0.08622,0.11319,-0.04506,0.01893,0.02014,0.02736,-0.25136,0.11853,0.01760,0.01705,2.00000
69127,-0.07169,0.11367,0.03945,0.01914,0.02617,0.02737,0.03387,0.11874,0.00872,0.01758,2.00000
69140,0.12803,0.11306,-0.00998,0.01907,0.00121,0.02734,-0.04274,0.11822,-0.00558,0.01681,2.00000
69152,0.27700,0.11455,-0.00892,0.01931,-0.02759,0.02737,0.19117,0.12025,-0.03154,0.01773,2.00000
69165,-0.15318,0.11008,-0.01780,0.01894,0.02864,0.02665,-0.02277,0.11603,0.01467,0.01693,2.00000
69178,0.02558,0.11208,0.01309,0.01888,0.04460,0.02719,-0.04983,0.11780,-0.02101,0.01706,2.00000
69190,0.11087,0.11252,-0.00904,0.01921,-0.04313,0.02704,-0.05958,0.11814,-0.01210,0.01652,2.00000
69203,-0.12825,0.11432,0.00577,0.01930,0.01780,0.02695,-0.07740,0.11970,0.01191,0.01672,2.00000
69215,0.00978,0.11357,0.01499,0.01957,-0.00535,0.02738,-0.16756,0.11976,0.00552,0.01686,2.00000
69228,0.30492,0.11048,-0.04477,0.01844,-0.04103,0.02641,0.30743,0.11558,0.01422,0.01591,2.00000
69241,-0.07408,0.11059,0.01827,0.01848,0.03793,0.02674,-0.21746,0.11555,0.01172,0.01637,2.00000
69254,0.18044,0.11363,0.00387,0.01906,0.00829,0.02712,0.01313,0.11952,-0.00335,0.01756,2.00000
69266,0.23065,0.11445,0.01899,0.01901,-0.05340,0.02740,0.05803,0.11978,0.00817,0.01734,2.00000
69279,-0.06918,0.11309,-0.00021,0.01878,-0.01482,0.02673,0.09164,0.11847,-0.01880,0.01746,2.00000
69291,0.06851,0.11356,0.03135,0.01877,0.01289,0.02693,0.11756,0.11788,0.01171,0.01787,2.00000
69304,0.11411,0.11284,-0.01958,0.01905,0.01510,0.02672,-0.01594,0.11791,0.02984,0.01789,2.00000
69316,0.00039,0.11331,-0.03269,0.01926,-0.02088,0.02689,-0.03473,0.11781,0.00341,0.01732,2.00000
69329,-0.10869,0.11434,-0.00207,0.01919,-0.01070,0.02731,0.00429,0.11970,0.02418,0.01720,2.00000
69342,0.22868,0.11439,0.00622,0.01929,-0.01175,0.02737,-0.01262,0.11954,-0.04443,0.01797,2.00000
69354,0.17352,0.11418,-0.03354,0.01918,-0.00058,0.02738,-0.00852,0.11946,0.00191,0.01779,2.00000
69366,0.01662,0.11300,-0.00302,0.01894,0.02341,0.02724,-0.18035,0.11795,-0.00510,0.01785,2.00000
69379,0.08231,0.11212,0.02078,0.01924,0.00772,0.02646,-0.21435,0.11782,0.00562,0.01684,2.00000
69391,0.14953,0.11243,-0.00063,0.01897,0.06115,0.02686,0.11981,0.11826,0.01955,0.01670,2.00000
69404,0.09069,0.11441,-0.02425,0.01942,-0.03519,0.02703,0.05819,0.12021,0.00934,0.01754,2.00000
69417,-0.10261,0.11111,-0.02490,0.01878,-0.02556,0.02635,-0.06338,0.11666,0.00331,0.01705,2.00000
69429,0.14567,0.11304,-0.01396,0.01912,0.00267,0.02675,-0.26277,0.11857,0.00926,0.01734,2.00000
69442,-0.02309,0.11323,-0.00910,0.01939,0.03132,0.02742,-0.06240,0.11975,-0.00253,0.01750,2.00000
69455,-0.25209,0.11418,-0.00775,0.01917,0.05490,0.02704,-0.12106,0.11995,-0.00519,0.01824,2.00000
69467,0.09355,0.11378,0.00167,0.01869,-0.03258,0.02663,-0.17414,0.11979,0.00375,0.01690,2.00000
69480,-0.10279,0.11004,-0.01928,0.01826,-0.00588,0.02637,-0.15646,0.11589,0.00278,0.01638,2.00000
69492,-0.01835,0.11222,0.01298,0.01873,0.03075,0.02662,-0.10762,0.11808,-0.01100,0.01755,2.00000
69505,-0.03425,0.10993,-0.03212,0.01855,0.03461,0.02576,0.07553,0.11594,0.01597,0.01691,2.00000
69518,-0.09810,0.11217,-0.01130,0.01907,0.02422,0.02644,0.10268,0.11813,-0.01746,0.01807,2.00000
69530,0.20215,0.11398,0.02602,0.01846,-0.00575,0.02646,0.13682,0.12015,-0.02541,0.01773,2.00000
69543,0.03560,0.11464,-0.01213,0.01957,-0.02117,0.02656,0.22814,0.12041,-0.02207,0.01778,2.00000
69555,-0.00645,0.11364,0.00361,0.01860,0.00194,0.02701,-0.15321,0.12024,0.01103,0.01772,2.00000
69568,0.06135,0.11031,0.01488,0.01890,0.03506,0.02591,-0.03103,0.11599,-0.00123,0.01735,2.00000
69581,-0.10869,0.11426,-0.00018,0.01930,-0.05268,0.02676,-0.19435,0.12036,0.04295,0.01803,2.00000
69594,-0.18732,0.10935,-0.02283,0.01818,0.01994,0.02541,-0.13652,0.11536,0.02977,0.01736,2.00000
69606,0.02145,0.10903,-0.03975,0.01838,-0.01711,0.02548,0.05486,0.11526,-0.01883,0.01697,2.00000
69619,-0.13916,0.11382,0.04078,0.01914,-0.00212,0.02689,-0.28379,0.12048,0.01868,0.01743,2.00000
69632,0.02645,0.11212,-0.00105,0.01889,0.01205,0.02640,0.13518,0.11827,0.01282,0.01700,2.00000
69644,-0.21283,0.10982,-0.01231,0.01874,-0.02165,0.02549,-0.06152,0.11574,0.01082,0.01681,2.00000
69657,-0.19545,0.11004,0.01744,0.01869,-0.02935,0.02576,-0.02686,0.11655,-0.00870,0.01793,2.00000
69670,-0.17261,0.10934,0.01303,0.01816,0.00494,0.02557,-0.03874,0.11579,-0.01217,0.01667,2.00000
69683,-0.07179,0.10912,0.00612,0.01821,-0.01415,0.02575,-0.06394,0.11571,0.00970,0.01639,2.00000
69696,0.18487,0.10871,0.01024,0.01832,0.03624,0.02525,-0.07183,0.11541,0.00412,0.01680,2.00000
69708,0.08132,0.10927,-0.00229,0.01835,-0.02786,0.02537,-0.03354,0.11584,0.00834,0.01728,2.00000
69721,-0.06874,0.11055,-0.01997,0.01834,0.02023,0.02580,0.24767,0.11699,-0.01645,0.01745,2.00000
69734,0.02429,0.10927,-0.01104,0.01837,-0.02501,0.02559,0.01592,0.11597,0.01997,0.01627,2.00000
69747,-0.24836,0.10937,-0.00667,0.01825,0.04726,0.02535,0.09565,0.11615,0.00092,0.01711,2.00000
69760,0.26712,0.10938,-0.02212,0.01808,0.04408,0.02551,-0.02634,0.11546,0.01115,0.01736,2.00000
69772,0.04010,0.10930,0.00667,0.01819,0.02868,0.02533,0.16298,0.11580,0.01049,0.01693,2.00000
69785,0.12186,0.10981,0.01230,0.01827,-0.00947,0.02536,-0.04344,0.11672,-0.03508,0.01793,2.00000
69798,0.10017,0.10969,0.02262,0.01855,-0.01089,0.02560,0.02741,0.11599,-0.00462,0.01712,2.00000
69811,-0.17858,0.10949,-0.01789,0.01834,0.00084,0.02564,-0.29816,0.11626,-0.01497,0.01707,2.00000
69824,0.04255,0.10952,-0.02596,0.01844,0.03717,0.02550,0.11839,0.11611,0.00198,0.01729,2.00000
69836,-0.19303,0.11045,-0.03616,0.01853,0.01155,0.02535,-0.24848,0.11714,-0.01981,0.01762,2.00000
69849,-0.08130,0.10935,0.00857,0.01856,0.01309,0.02489,-0.02924,0.11623,-0.00088,0.01713,2.00000
69862,0.16781,0.10994,-0.01559,0.01871,0.03016,0.02492,-0.09095,0.11636,0.01082,0.01700,2.00000